0 9
0.001 8.9283
0.002 8.857
0.003 8.7863
0.004 8.716
0.005 8.6462
0.006 8.577
0.007 8.5082
0.008 8.4399
0.009 8.372
0.01 8.3047
0.011 8.2378
0.012 8.1714
0.013 8.1055
0.014 8.04
0.015 7.975
0.016 7.9105
0.017 7.8464
0.018 7.7828
0.019 7.7196
0.02 7.6569
0.021 7.5946
0.022 7.5327
0.023 7.4713
0.024 7.4104
0.025 7.3499
0.026 7.2898
0.027 7.2301
0.028 7.1709
0.029 7.1121
0.03 7.0537
0.031 6.9957
0.032 6.9382
0.033 6.881
0.034 6.8243
0.035 6.768
0.036 6.7121
0.037 6.6566
0.038 6.6015
0.039 6.5468
0.04 6.4925
0.041 6.4386
0.042 6.3851
0.043 6.332
0.044 6.2792
0.045 6.2269
0.046 6.1749
0.047 6.1233
0.048 6.0721
0.049 6.0212
0.05 5.9708
0.051 5.9207
0.052 5.871
0.053 5.8216
0.054 5.7726
0.055 5.724
0.056 5.6757
0.057 5.6278
0.058 5.5802
0.059 5.533
0.06 5.4861
0.061 5.4396
0.062 5.3934
0.063 5.3476
0.064 5.3021
0.065 5.257
0.066 5.2122
0.067 5.1677
0.068 5.1235
0.069 5.0797
0.07 5.0362
0.071 4.9931
0.072 4.9502
0.073 4.9077
0.074 4.8655
0.075 4.8237
0.076 4.7821
0.077 4.7408
0.078 4.6999
0.079 4.6593
0.08 4.619
0.081 4.579
0.082 4.5392
0.083 4.4998
0.084 4.4607
0.085 4.4219
0.086 4.3834
0.087 4.3452
0.088 4.3073
0.089 4.2696
0.09 4.2323
0.091 4.1952
0.092 4.1584
0.093 4.1219
0.094 4.0857
0.095 4.0498
0.096 4.0141
0.097 3.9787
0.098 3.9436
0.099 3.9088
0.1 3.8742
0.101 3.8399
0.102 3.8059
0.103 3.7721
0.104 3.7386
0.105 3.7053
0.106 3.6723
0.107 3.6396
0.108 3.6071
0.109 3.5749
0.11 3.5429
0.111 3.5112
0.112 3.4797
0.113 3.4485
0.114 3.4175
0.115 3.3868
0.116 3.3563
0.117 3.326
0.118 3.296
0.119 3.2663
0.12 3.2367
0.121 3.2074
0.122 3.1783
0.123 3.1495
0.124 3.1209
0.125 3.0925
0.126 3.0643
0.127 3.0364
0.128 3.0087
0.129 2.9812
0.13 2.9539
0.131 2.9269
0.132 2.9
0.133 2.8734
0.134 2.847
0.135 2.8208
0.136 2.7948
0.137 2.769
0.138 2.7435
0.139 2.7181
0.14 2.693
0.141 2.668
0.142 2.6433
0.143 2.6187
0.144 2.5944
0.145 2.5702
0.146 2.5463
0.147 2.5225
0.148 2.499
0.149 2.4756
0.15 2.4524
0.151 2.4294
0.152 2.4066
0.153 2.384
0.154 2.3616
0.155 2.3394
0.156 2.3173
0.157 2.2954
0.158 2.2737
0.159 2.2522
0.16 2.2309
0.161 2.2097
0.162 2.1887
0.163 2.1679
0.164 2.1473
0.165 2.1268
0.166 2.1065
0.167 2.0864
0.168 2.0665
0.169 2.0467
0.17 2.0271
0.171 2.0076
0.172 1.9883
0.173 1.9692
0.174 1.9502
0.175 1.9314
0.176 1.9128
0.177 1.8943
0.178 1.8759
0.179 1.8578
0.18 1.8397
0.181 1.8219
0.182 1.8041
0.183 1.7866
0.184 1.7691
0.185 1.7519
0.186 1.7348
0.187 1.7178
0.188 1.7009
0.189 1.6843
0.19 1.6677
0.191 1.6513
0.192 1.6351
0.193 1.6189
0.194 1.603
0.195 1.5871
0.196 1.5714
0.197 1.5558
0.198 1.5404
0.199 1.5251
0.2 1.5099
0.201 1.4949
0.202 1.48
0.203 1.4652
0.204 1.4506
0.205 1.4361
0.206 1.4217
0.207 1.4074
0.208 1.3933
0.209 1.3793
0.21 1.3654
0.211 1.3516
0.212 1.338
0.213 1.3245
0.214 1.3111
0.215 1.2978
0.216 1.2846
0.217 1.2716
0.218 1.2586
0.219 1.2458
0.22 1.2331
0.221 1.2205
0.222 1.208
0.223 1.1957
0.224 1.1834
0.225 1.1713
0.226 1.1592
0.227 1.1473
0.228 1.1355
0.229 1.1238
0.23 1.1122
0.231 1.1007
0.232 1.0893
0.233 1.078
0.234 1.0668
0.235 1.0557
0.236 1.0447
0.237 1.0338
0.238 1.023
0.239 1.0123
0.24 1.0017
0.241 0.99124
0.242 0.98084
0.243 0.97053
0.244 0.96032
0.245 0.95021
0.246 0.94018
0.247 0.93026
0.248 0.92042
0.249 0.91067
0.25 0.90102
0.251 0.89145
0.252 0.88197
0.253 0.87258
0.254 0.86328
0.255 0.85407
0.256 0.84494
0.257 0.8359
0.258 0.82694
0.259 0.81807
0.26 0.80928
0.261 0.80057
0.262 0.79194
0.263 0.7834
0.264 0.77493
0.265 0.76655
0.266 0.75825
0.267 0.75002
0.268 0.74188
0.269 0.73381
0.27 0.72581
0.271 0.7179
0.272 0.71006
0.273 0.70229
0.274 0.6946
0.275 0.68698
0.276 0.67944
0.277 0.67197
0.278 0.66457
0.279 0.65724
0.28 0.64998
0.281 0.6428
0.282 0.63568
0.283 0.62863
0.284 0.62165
0.285 0.61474
0.286 0.60789
0.287 0.60112
0.288 0.59441
0.289 0.58776
0.29 0.58118
0.291 0.57466
0.292 0.56821
0.293 0.56182
0.294 0.55549
0.295 0.54923
0.296 0.54303
0.297 0.53689
0.298 0.53081
0.299 0.52479
0.3 0.51883
0.301 0.51293
0.302 0.50709
0.303 0.50131
0.304 0.49558
0.305 0.48992
0.306 0.4843
0.307 0.47875
0.308 0.47325
0.309 0.46781
0.31 0.46242
0.311 0.45708
0.312 0.4518
0.313 0.44658
0.314 0.4414
0.315 0.43628
0.316 0.43121
0.317 0.42619
0.318 0.42123
0.319 0.41631
0.32 0.41145
0.321 0.40663
0.322 0.40186
0.323 0.39715
0.324 0.39248
0.325 0.38786
0.326 0.38328
0.327 0.37876
0.328 0.37428
0.329 0.36985
0.33 0.36546
0.331 0.36112
0.332 0.35682
0.333 0.35257
0.334 0.34837
0.335 0.3442
0.336 0.34008
0.337 0.33601
0.338 0.33198
0.339 0.32799
0.34 0.32404
0.341 0.32013
0.342 0.31626
0.343 0.31244
0.344 0.30865
0.345 0.30491
0.346 0.30121
0.347 0.29754
0.348 0.29392
0.349 0.29033
0.35 0.28678
0.351 0.28327
0.352 0.2798
0.353 0.27636
0.354 0.27296
0.355 0.2696
0.356 0.26627
0.357 0.26298
0.358 0.25973
0.359 0.25651
0.36 0.25333
0.361 0.25018
0.362 0.24706
0.363 0.24398
0.364 0.24093
0.365 0.23792
0.366 0.23494
0.367 0.23199
0.368 0.22908
0.369 0.22619
0.37 0.22334
0.371 0.22052
0.372 0.21773
0.373 0.21497
0.374 0.21224
0.375 0.20955
0.376 0.20688
0.377 0.20424
0.378 0.20163
0.379 0.19906
0.38 0.19651
0.381 0.19398
0.382 0.19149
0.383 0.18903
0.384 0.18659
0.385 0.18418
0.386 0.1818
0.387 0.17944
0.388 0.17711
0.389 0.17481
0.39 0.17254
0.391 0.17029
0.392 0.16806
0.393 0.16586
0.394 0.16369
0.395 0.16154
0.396 0.15942
0.397 0.15732
0.398 0.15524
0.399 0.15319
0.4 0.15117
0.401 0.14916
0.402 0.14718
0.403 0.14522
0.404 0.14329
0.405 0.14138
0.406 0.13949
0.407 0.13762
0.408 0.13577
0.409 0.13395
0.41 0.13215
0.411 0.13037
0.412 0.12861
0.413 0.12687
0.414 0.12515
0.415 0.12345
0.416 0.12177
0.417 0.12011
0.418 0.11847
0.419 0.11686
0.42 0.11526
0.421 0.11368
0.422 0.11212
0.423 0.11057
0.424 0.10905
0.425 0.10754
0.426 0.10606
0.427 0.10459
0.428 0.10314
0.429 0.1017
0.43 0.10029
0.431 0.098887
0.432 0.097506
0.433 0.096141
0.434 0.094792
0.435 0.093461
0.436 0.092146
0.437 0.090847
0.438 0.089564
0.439 0.088297
0.44 0.087046
0.441 0.08581
0.442 0.084589
0.443 0.083384
0.444 0.082194
0.445 0.081019
0.446 0.079858
0.447 0.078712
0.448 0.077581
0.449 0.076464
0.45 0.075361
0.451 0.074271
0.452 0.073196
0.453 0.072134
0.454 0.071086
0.455 0.070051
0.456 0.069029
0.457 0.068021
0.458 0.067025
0.459 0.066042
0.46 0.065072
0.461 0.064114
0.462 0.063169
0.463 0.062235
0.464 0.061314
0.465 0.060405
0.466 0.059508
0.467 0.058622
0.468 0.057748
0.469 0.056885
0.47 0.056034
0.471 0.055193
0.472 0.054364
0.473 0.053546
0.474 0.052739
0.475 0.051942
0.476 0.051156
0.477 0.05038
0.478 0.049614
0.479 0.048859
0.48 0.048114
0.481 0.047379
0.482 0.046653
0.483 0.045937
0.484 0.045231
0.485 0.044535
0.486 0.043848
0.487 0.04317
0.488 0.042501
0.489 0.041842
0.49 0.041191
0.491 0.040549
0.492 0.039916
0.493 0.039292
0.494 0.038676
0.495 0.038069
0.496 0.03747
0.497 0.03688
0.498 0.036297
0.499 0.035723
0.5 0.035156
0.501 0.034598
0.502 0.034047
0.503 0.033504
0.504 0.032968
0.505 0.03244
0.506 0.03192
0.507 0.031406
0.508 0.0309
0.509 0.030401
0.51 0.02991
0.511 0.029425
0.512 0.028947
0.513 0.028476
0.514 0.028011
0.515 0.027553
0.516 0.027102
0.517 0.026658
0.518 0.026219
0.519 0.025787
0.52 0.025361
0.521 0.024942
0.522 0.024528
0.523 0.024121
0.524 0.023719
0.525 0.023323
0.526 0.022933
0.527 0.022549
0.528 0.022171
0.529 0.021798
0.53 0.02143
0.531 0.021068
0.532 0.020711
0.533 0.02036
0.534 0.020014
0.535 0.019673
0.536 0.019337
0.537 0.019006
0.538 0.01868
0.539 0.018359
0.54 0.018043
0.541 0.017731
0.542 0.017425
0.543 0.017123
0.544 0.016825
0.545 0.016532
0.546 0.016244
0.547 0.01596
0.548 0.01568
0.549 0.015405
0.55 0.015134
0.551 0.014867
0.552 0.014604
0.553 0.014345
0.554 0.01409
0.555 0.01384
0.556 0.013593
0.557 0.01335
0.558 0.013111
0.559 0.012875
0.56 0.012643
0.561 0.012415
0.562 0.012191
0.563 0.01197
0.564 0.011753
0.565 0.011539
0.566 0.011328
0.567 0.011121
0.568 0.010917
0.569 0.010717
0.57 0.010519
0.571 0.010325
0.572 0.010134
0.573 0.0099464
0.574 0.0097616
0.575 0.0095797
0.576 0.0094009
0.577 0.009225
0.578 0.0090519
0.579 0.0088818
0.58 0.0087144
0.581 0.0085498
0.582 0.0083879
0.583 0.0082287
0.584 0.0080721
0.585 0.0079182
0.586 0.0077669
0.587 0.007618
0.588 0.0074717
0.589 0.0073279
0.59 0.0071864
0.591 0.0070474
0.592 0.0069107
0.593 0.0067764
0.594 0.0066443
0.595 0.0065145
0.596 0.0063869
0.597 0.0062616
0.598 0.0061383
0.599 0.0060172
0.6 0.0058982
0.601 0.0057813
0.602 0.0056664
0.603 0.0055535
0.604 0.0054426
0.605 0.0053336
0.606 0.0052265
0.607 0.0051213
0.608 0.005018
0.609 0.0049165
0.61 0.0048168
0.611 0.0047189
0.612 0.0046227
0.613 0.0045282
0.614 0.0044355
0.615 0.0043444
0.616 0.0042549
0.617 0.0041671
0.618 0.0040808
0.619 0.0039962
0.62 0.003913
0.621 0.0038314
0.622 0.0037513
0.623 0.0036726
0.624 0.0035954
0.625 0.0035196
0.626 0.0034452
0.627 0.0033722
0.628 0.0033005
0.629 0.0032302
0.63 0.0031612
0.631 0.0030935
0.632 0.0030271
0.633 0.0029619
0.634 0.002898
0.635 0.0028352
0.636 0.0027737
0.637 0.0027133
0.638 0.0026541
0.639 0.002596
0.64 0.002539
0.641 0.0024831
0.642 0.0024283
0.643 0.0023746
0.644 0.0023219
0.645 0.0022702
0.646 0.0022196
0.647 0.0021699
0.648 0.0021212
0.649 0.0020735
0.65 0.0020267
0.651 0.0019808
0.652 0.0019359
0.653 0.0018918
0.654 0.0018486
0.655 0.0018063
0.656 0.0017649
0.657 0.0017242
0.658 0.0016844
0.659 0.0016454
0.66 0.0016072
0.661 0.0015698
0.662 0.0015331
0.663 0.0014972
0.664 0.001462
0.665 0.0014276
0.666 0.0013938
0.667 0.0013608
0.668 0.0013285
0.669 0.0012968
0.67 0.0012658
0.671 0.0012354
0.672 0.0012057
0.673 0.0011766
0.674 0.0011481
0.675 0.0011202
0.676 0.001093
0.677 0.0010663
0.678 0.0010401
0.679 0.0010146
0.68 0.00098956
0.681 0.00096509
0.682 0.00094115
0.683 0.00091773
0.684 0.00089483
0.685 0.00087242
0.686 0.00085051
0.687 0.00082908
0.688 0.00080813
0.689 0.00078764
0.69 0.0007676
0.691 0.00074802
0.692 0.00072887
0.693 0.00071015
0.694 0.00069185
0.695 0.00067397
0.696 0.00065649
0.697 0.00063942
0.698 0.00062273
0.699 0.00060642
0.7 0.00059049
0.701 0.00057493
0.702 0.00055972
0.703 0.00054487
0.704 0.00053037
0.705 0.0005162
0.706 0.00050237
0.707 0.00048886
0.708 0.00047567
0.709 0.00046279
0.71 0.00045022
0.711 0.00043795
0.712 0.00042597
0.713 0.00041428
0.714 0.00040288
0.715 0.00039174
0.716 0.00038088
0.717 0.00037028
0.718 0.00035994
0.719 0.00034986
0.72 0.00034002
0.721 0.00033043
0.722 0.00032107
0.723 0.00031195
0.724 0.00030305
0.725 0.00029438
0.726 0.00028592
0.727 0.00027768
0.728 0.00026965
0.729 0.00026182
0.73 0.00025419
0.731 0.00024675
0.732 0.00023951
0.733 0.00023245
0.734 0.00022558
0.735 0.00021888
0.736 0.00021236
0.737 0.00020601
0.738 0.00019983
0.739 0.00019381
0.74 0.00018794
0.741 0.00018224
0.742 0.00017669
0.743 0.00017128
0.744 0.00016602
0.745 0.0001609
0.746 0.00015592
0.747 0.00015108
0.748 0.00014637
0.749 0.00014179
0.75 0.00013733
0.751 0.000133
0.752 0.00012878
0.753 0.00012469
0.754 0.0001207
0.755 0.00011683
0.756 0.00011307
0.757 0.00010942
0.758 0.00010587
0.759 0.00010242
0.76 9.9068e-005
0.761 9.5813e-005
0.762 9.2653e-005
0.763 8.9584e-005
0.764 8.6604e-005
0.765 8.3712e-005
0.766 8.0904e-005
0.767 7.8179e-005
0.768 7.5535e-005
0.769 7.2969e-005
0.77 7.048e-005
0.771 6.8065e-005
0.772 6.5724e-005
0.773 6.3453e-005
0.774 6.1251e-005
0.775 5.9116e-005
0.776 5.7046e-005
0.777 5.504e-005
0.778 5.3097e-005
0.779 5.1213e-005
0.78 4.9388e-005
0.781 4.7621e-005
0.782 4.5909e-005
0.783 4.4251e-005
0.784 4.2645e-005
0.785 4.1091e-005
0.786 3.9587e-005
0.787 3.8131e-005
0.788 3.6722e-005
0.789 3.5359e-005
0.79 3.4041e-005
0.791 3.2765e-005
0.792 3.1532e-005
0.793 3.0339e-005
0.794 2.9186e-005
0.795 2.8072e-005
0.796 2.6995e-005
0.797 2.5954e-005
0.798 2.4949e-005
0.799 2.3978e-005
0.8 2.304e-005
0.801 2.2134e-005
0.802 2.126e-005
0.803 2.0416e-005
0.804 1.9602e-005
0.805 1.8816e-005
0.806 1.8057e-005
0.807 1.7326e-005
0.808 1.6621e-005
0.809 1.5941e-005
0.81 1.5285e-005
0.811 1.4653e-005
0.812 1.4044e-005
0.813 1.3458e-005
0.814 1.2893e-005
0.815 1.2349e-005
0.816 1.1825e-005
0.817 1.132e-005
0.818 1.0835e-005
0.819 1.0367e-005
0.82 9.918e-006
0.821 9.4856e-006
0.822 9.0699e-006
0.823 8.6702e-006
0.824 8.286e-006
0.825 7.9167e-006
0.826 7.562e-006
0.827 7.2212e-006
0.828 6.894e-006
0.829 6.5798e-006
0.83 6.2782e-006
0.831 5.9887e-006
0.832 5.7111e-006
0.833 5.4447e-006
0.834 5.1893e-006
0.835 4.9444e-006
0.836 4.7097e-006
0.837 4.4848e-006
0.838 4.2694e-006
0.839 4.063e-006
0.84 3.8655e-006
0.841 3.6764e-006
0.842 3.4954e-006
0.843 3.3223e-006
0.844 3.1567e-006
0.845 2.9984e-006
0.846 2.8471e-006
0.847 2.7026e-006
0.848 2.5644e-006
0.849 2.4325e-006
0.85 2.3066e-006
0.851 2.1864e-006
0.852 2.0717e-006
0.853 1.9624e-006
0.854 1.8581e-006
0.855 1.7587e-006
0.856 1.664e-006
0.857 1.5737e-006
0.858 1.4878e-006
0.859 1.406e-006
0.86 1.3282e-006
0.861 1.2542e-006
0.862 1.1838e-006
0.863 1.1169e-006
0.864 1.0533e-006
0.865 9.9292e-007
0.866 9.3558e-007
0.867 8.8116e-007
0.868 8.2953e-007
0.869 7.8057e-007
0.87 7.3416e-007
0.871 6.9018e-007
0.872 6.4852e-007
0.873 6.0908e-007
0.874 5.7175e-007
0.875 5.3644e-007
0.876 5.0306e-007
0.877 4.715e-007
0.878 4.4169e-007
0.879 4.1355e-007
0.88 3.8698e-007
0.881 3.6192e-007
0.882 3.383e-007
0.883 3.1603e-007
0.884 2.9506e-007
0.885 2.7531e-007
0.886 2.5673e-007
0.887 2.3926e-007
0.888 2.2284e-007
0.889 2.0741e-007
0.89 1.9292e-007
0.891 1.7933e-007
0.892 1.6658e-007
0.893 1.5464e-007
0.894 1.4345e-007
0.895 1.3297e-007
0.896 1.2317e-007
0.897 1.1401e-007
0.898 1.0545e-007
0.899 9.7457e-008
0.9 9e-008
0.901 8.3047e-008
0.902 7.6569e-008
0.903 7.0537e-008
0.904 6.4925e-008
0.905 5.9708e-008
0.906 5.4861e-008
0.907 5.0362e-008
0.908 4.619e-008
0.909 4.2323e-008
0.91 3.8742e-008
0.911 3.5429e-008
0.912 3.2367e-008
0.913 2.9539e-008
0.914 2.693e-008
0.915 2.4524e-008
0.916 2.2309e-008
0.917 2.0271e-008
0.918 1.8397e-008
0.919 1.6677e-008
0.92 1.5099e-008
0.921 1.3654e-008
0.922 1.2331e-008
0.923 1.1122e-008
0.924 1.0017e-008
0.925 9.0102e-009
0.926 8.0928e-009
0.927 7.2581e-009
0.928 6.4998e-009
0.929 5.8118e-009
0.93 5.1883e-009
0.931 4.6242e-009
0.932 4.1145e-009
0.933 3.6546e-009
0.934 3.2404e-009
0.935 2.8678e-009
0.936 2.5333e-009
0.937 2.2334e-009
0.938 1.9651e-009
0.939 1.7254e-009
0.94 1.5117e-009
0.941 1.3215e-009
0.942 1.1526e-009
0.943 1.0029e-009
0.944 8.7046e-010
0.945 7.5361e-010
0.946 6.5072e-010
0.947 5.6034e-010
0.948 4.8114e-010
0.949 4.1191e-010
0.95 3.5156e-010
0.951 2.991e-010
0.952 2.5361e-010
0.953 2.143e-010
0.954 1.8043e-010
0.955 1.5134e-010
0.956 1.2643e-010
0.957 1.0519e-010
0.958 8.7144e-011
0.959 7.1864e-011
0.96 5.8982e-011
0.961 4.8168e-011
0.962 3.913e-011
0.963 3.1612e-011
0.964 2.539e-011
0.965 2.0267e-011
0.966 1.6072e-011
0.967 1.2658e-011
0.968 9.8956e-012
0.969 7.676e-012
0.97 5.9049e-012
0.971 4.5022e-012
0.972 3.4002e-012
0.973 2.5419e-012
0.974 1.8794e-012
0.975 1.3733e-012
0.976 9.9068e-013
0.977 7.048e-013
0.978 4.9388e-013
0.979 3.4041e-013
0.98 2.304e-013
0.981 1.5285e-013
0.982 9.918e-014
0.983 6.2782e-014
0.984 3.8655e-014
0.985 2.3066e-014
0.986 1.3282e-014
0.987 7.3416e-015
0.988 3.8698e-015
0.989 1.9292e-015
0.99 9e-016
0.991 3.8742e-016
0.992 1.5099e-016
0.993 5.1883e-017
0.994 1.5117e-017
0.995 3.5156e-018
0.996 5.8982e-019
0.997 5.9049e-020
0.998 2.304e-021
0.999 9e-024
1 0
