0 0
0.001 0
0.002 0
0.003 0
0.004 0
0.005 0
0.006 0
0.007 0
0.008 0
0.009 0
0.01 0
0.011 0
0.012 0
0.013 0
0.014 0
0.015 0
0.016 0
0.017 0
0.018 0
0.019 0
0.02 0
0.021 0
0.022 0
0.023 0
0.024 0
0.025 0
0.026 0
0.027 0
0.028 0
0.029 0
0.03 0
0.031 0
0.032 0
0.033 0
0.034 0
0.035 0
0.036 0
0.037 0
0.038 0
0.039 0
0.04 0
0.041 0
0.042 0
0.043 0
0.044 0
0.045 0
0.046 0
0.047 0
0.048 0
0.049 0
0.05 0
0.051 0
0.052 0
0.053 0
0.054 0
0.055 0
0.056 0
0.057 0
0.058 0
0.059 0
0.06 0
0.061 0
0.062 0
0.063 0
0.064 0
0.065 0
0.066 0
0.067 0
0.068 0
0.069 0
0.07 0
0.071 0
0.072 0
0.073 0
0.074 0
0.075 0
0.076 0
0.077 0
0.078 0
0.079 0
0.08 0
0.081 0
0.082 0
0.083 0
0.084 0
0.085 0
0.086 0
0.087 0
0.088 0
0.089 0
0.09 0
0.091 0
0.092 0
0.093 0
0.094 0
0.095 0
0.096 0
0.097 0
0.098 0
0.099 0
0.1 0
0.101 0
0.102 0
0.103 0
0.104 0
0.105 0
0.106 0
0.107 0
0.108 0
0.109 0
0.11 0
0.111 0
0.112 0
0.113 0
0.114 0
0.115 0
0.116 0
0.117 0
0.118 0
0.119 0
0.12 0
0.121 0
0.122 0
0.123 0
0.124 0
0.125 0
0.126 0
0.127 0
0.128 0
0.129 0
0.13 0
0.131 0
0.132 0
0.133 0
0.134 0
0.135 0
0.136 0
0.137 0
0.138 0
0.139 0
0.14 0
0.141 0
0.142 0
0.143 0
0.144 0
0.145 0
0.146 0
0.147 0
0.148 0
0.149 0
0.15 0
0.151 0
0.152 0
0.153 0
0.154 0
0.155 0
0.156 0
0.157 0
0.158 9.8813e-323
0.159 2.747e-320
0.16 7.1875e-318
0.161 1.8017e-315
0.162 4.3289e-313
0.163 9.9741e-311
0.164 2.2048e-308
0.165 4.6785e-306
0.166 9.5337e-304
0.167 1.8666e-301
0.168 3.5129e-299
0.169 6.3579e-297
0.17 1.1071e-294
0.171 1.8555e-292
0.172 2.9945e-290
0.173 4.6554e-288
0.174 6.9752e-286
0.175 1.0076e-283
0.176 1.4038e-281
0.177 1.8871e-279
0.178 2.4487e-277
0.179 3.0681e-275
0.18 3.7133e-273
0.181 4.3429e-271
0.182 4.91e-269
0.183 5.368e-267
0.184 5.677e-265
0.185 5.8098e-263
0.186 5.7554e-261
0.187 5.5209e-259
0.188 5.1299e-257
0.189 4.6185e-255
0.19 4.0302e-253
0.191 3.4098e-251
0.192 2.7979e-249
0.193 2.2272e-247
0.194 1.7205e-245
0.195 1.2901e-243
0.196 9.3936e-242
0.197 6.6429e-240
0.198 4.5639e-238
0.199 3.0471e-236
0.2 1.9775e-234
0.201 1.2479e-232
0.202 7.6582e-231
0.203 4.5721e-229
0.204 2.6561e-227
0.205 1.5018e-225
0.206 8.2668e-224
0.207 4.4312e-222
0.208 2.3135e-220
0.209 1.1767e-218
0.21 5.8324e-217
0.211 2.8176e-215
0.212 1.327e-213
0.213 6.0943e-212
0.214 2.7298e-210
0.215 1.1928e-208
0.216 5.0857e-207
0.217 2.1162e-205
0.218 8.5958e-204
0.219 3.4089e-202
0.22 1.3202e-200
0.221 4.9939e-199
0.222 1.8455e-197
0.223 6.6636e-196
0.224 2.3515e-194
0.225 8.1113e-193
0.226 2.7354e-191
0.227 9.0204e-190
0.228 2.9092e-188
0.229 9.1779e-187
0.23 2.8328e-185
0.231 8.5557e-184
0.232 2.529e-182
0.233 7.3173e-181
0.234 2.0728e-179
0.235 5.7493e-178
0.236 1.5617e-176
0.237 4.1553e-175
0.238 1.0831e-173
0.239 2.7661e-172
0.24 6.9227e-171
0.241 1.698e-169
0.242 4.0828e-168
0.243 9.6241e-167
0.244 2.2244e-165
0.245 5.042e-164
0.246 1.1209e-162
0.247 2.4445e-161
0.248 5.2301e-160
0.249 1.098e-158
0.25 2.262e-157
0.251 4.5737e-156
0.252 9.078e-155
0.253 1.7689e-153
0.254 3.3842e-152
0.255 6.3579e-151
0.256 1.1731e-149
0.257 2.126e-148
0.258 3.7849e-147
0.259 6.62e-146
0.26 1.1377e-144
0.261 1.9214e-143
0.262 3.1892e-142
0.263 5.2031e-141
0.264 8.3446e-140
0.265 1.3157e-138
0.266 2.0398e-137
0.267 3.1097e-136
0.268 4.6625e-135
0.269 6.8756e-134
0.27 9.9738e-133
0.271 1.4233e-131
0.272 1.9984e-130
0.273 2.7609e-129
0.274 3.7535e-128
0.275 5.0223e-127
0.276 6.6142e-126
0.277 8.5745e-125
0.278 1.0943e-123
0.279 1.375e-122
0.28 1.7012e-121
0.281 2.0726e-120
0.282 2.4867e-119
0.283 2.9386e-118
0.284 3.4206e-117
0.285 3.9222e-116
0.286 4.4308e-115
0.287 4.9314e-114
0.288 5.4082e-113
0.289 5.8447e-112
0.29 6.2248e-111
0.291 6.5342e-110
0.292 6.7606e-109
0.293 6.8952e-108
0.294 6.9329e-107
0.295 6.8725e-106
0.296 6.7171e-105
0.297 6.4738e-104
0.298 6.1527e-103
0.299 5.767e-102
0.3 5.3312e-101
0.301 4.8612e-100
0.302 4.3724e-099
0.303 3.8797e-098
0.304 3.3963e-097
0.305 2.9334e-096
0.306 2.4999e-095
0.307 2.1023e-094
0.308 1.7447e-093
0.309 1.429e-092
0.31 1.1551e-091
0.311 9.2166e-091
0.312 7.259e-090
0.313 5.6439e-089
0.314 4.3321e-088
0.315 3.2829e-087
0.316 2.4564e-086
0.317 1.8149e-085
0.318 1.3241e-084
0.319 9.5401e-084
0.32 6.7883e-083
0.321 4.7707e-082
0.322 3.3115e-081
0.323 2.2706e-080
0.324 1.5379e-079
0.325 1.029e-078
0.326 6.8022e-078
0.327 4.4426e-077
0.328 2.8668e-076
0.329 1.8279e-075
0.33 1.1517e-074
0.331 7.1714e-074
0.332 4.4129e-073
0.333 2.6837e-072
0.334 1.6131e-071
0.335 9.5838e-071
0.336 5.6282e-070
0.337 3.2673e-069
0.338 1.875e-068
0.339 1.0638e-067
0.34 5.9671e-067
0.341 3.3092e-066
0.342 1.8146e-065
0.343 9.839e-065
0.344 5.2753e-064
0.345 2.797e-063
0.346 1.4666e-062
0.347 7.6052e-062
0.348 3.9005e-061
0.349 1.9786e-060
0.35 9.9277e-060
0.351 4.9272e-059
0.352 2.419e-058
0.353 1.1748e-057
0.354 5.6446e-057
0.355 2.6831e-056
0.356 1.2618e-055
0.357 5.871e-055
0.358 2.7029e-054
0.359 1.2313e-053
0.36 5.5501e-053
0.361 2.4757e-052
0.362 1.0928e-051
0.363 4.7738e-051
0.364 2.0639e-050
0.365 8.831e-050
0.366 3.7399e-049
0.367 1.5676e-048
0.368 6.504e-048
0.369 2.6711e-047
0.37 1.0859e-046
0.371 4.3701e-046
0.372 1.741e-045
0.373 6.8666e-045
0.374 2.6812e-044
0.375 1.0365e-043
0.376 3.9673e-043
0.377 1.5035e-042
0.378 5.6418e-042
0.379 2.0962e-041
0.38 7.7125e-041
0.381 2.8099e-040
0.382 1.0138e-039
0.383 3.6222e-039
0.384 1.2817e-038
0.385 4.4914e-038
0.386 1.5588e-037
0.387 5.3582e-037
0.388 1.8243e-036
0.389 6.1517e-036
0.39 2.0548e-035
0.391 6.7983e-035
0.392 2.228e-034
0.393 7.2333e-034
0.394 2.3262e-033
0.395 7.4113e-033
0.396 2.3391e-032
0.397 7.3141e-032
0.398 2.2658e-031
0.399 6.954e-031
0.4 2.1146e-030
0.401 6.3709e-030
0.402 1.9018e-029
0.403 5.6253e-029
0.404 1.6487e-028
0.405 4.788e-028
0.406 1.3778e-027
0.407 3.9291e-027
0.408 1.1103e-026
0.409 3.1093e-026
0.41 8.6289e-026
0.411 2.3732e-025
0.412 6.4685e-025
0.413 1.7473e-024
0.414 4.678e-024
0.415 1.2413e-023
0.416 3.2644e-023
0.417 8.5091e-023
0.418 2.1984e-022
0.419 5.6297e-022
0.42 1.429e-021
0.421 3.5955e-021
0.422 8.9672e-021
0.423 2.2169e-020
0.424 5.4329e-020
0.425 1.3199e-019
0.426 3.1786e-019
0.427 7.5888e-019
0.428 1.7961e-018
0.429 4.2143e-018
0.43 9.8032e-018
0.431 2.2608e-017
0.432 5.169e-017
0.433 1.1717e-016
0.434 2.6334e-016
0.435 5.8679e-016
0.436 1.2964e-015
0.437 2.8398e-015
0.438 6.1678e-015
0.439 1.3283e-014
0.44 2.8363e-014
0.441 6.0053e-014
0.442 1.2608e-013
0.443 2.6247e-013
0.444 5.4183e-013
0.445 1.1091e-012
0.446 2.2514e-012
0.447 4.5319e-012
0.448 9.0462e-012
0.449 1.7907e-011
0.45 3.5151e-011
0.451 6.8428e-011
0.452 1.321e-010
0.453 2.5292e-010
0.454 4.8022e-010
0.455 9.0426e-010
0.456 1.6887e-009
0.457 3.1276e-009
0.458 5.745e-009
0.459 1.0466e-008
0.46 1.891e-008
0.461 3.3886e-008
0.462 6.0227e-008
0.463 1.0617e-007
0.464 1.8562e-007
0.465 3.2188e-007
0.466 5.5362e-007
0.467 9.4446e-007
0.468 1.5981e-006
0.469 2.6822e-006
0.47 4.465e-006
0.471 7.3727e-006
0.472 1.2075e-005
0.473 1.9617e-005
0.474 3.1612e-005
0.475 5.053e-005
0.476 8.0116e-005
0.477 0.000126
0.478 0.00019657
0.479 0.00030419
0.48 0.00046694
0.481 0.000711
0.482 0.0010739
0.483 0.0016091
0.484 0.0023917
0.485 0.0035263
0.486 0.0051575
0.487 0.0074828
0.488 0.01077
0.489 0.015376
0.49 0.021778
0.491 0.030599
0.492 0.042648
0.493 0.058968
0.494 0.080882
0.495 0.11006
0.496 0.14856
0.497 0.19893
0.498 0.26426
0.499 0.34826
0.5 0.45529
0.501 0.59048
0.502 0.75973
0.503 0.9697
0.504 1.2279
0.505 1.5424
0.506 1.9221
0.507 2.3761
0.508 2.9142
0.509 3.5456
0.51 4.2796
0.511 5.1244
0.512 6.0873
0.513 7.1736
0.514 8.3865
0.515 9.7266
0.516 11.191
0.517 12.774
0.518 14.464
0.519 16.249
0.52 18.107
0.521 20.018
0.522 21.955
0.523 23.887
0.524 25.783
0.525 27.607
0.526 29.325
0.527 30.901
0.528 32.302
0.529 33.498
0.53 34.461
0.531 35.168
0.532 35.603
0.533 35.756
0.534 35.622
0.535 35.205
0.536 34.514
0.537 33.566
0.538 32.382
0.539 30.99
0.54 29.419
0.541 27.704
0.542 25.879
0.543 23.98
0.544 22.042
0.545 20.097
0.546 18.176
0.547 16.306
0.548 14.51
0.549 12.808
0.55 11.214
0.551 9.7389
0.552 8.3893
0.553 7.1681
0.554 6.075
0.555 5.1067
0.556 4.2578
0.557 3.5211
0.558 2.8882
0.559 2.3496
0.56 1.8959
0.561 1.5173
0.562 1.2043
0.563 0.94807
0.564 0.74022
0.565 0.57319
0.566 0.44019
0.567 0.33526
0.568 0.25324
0.569 0.1897
0.57 0.14093
0.571 0.10383
0.572 0.075863
0.573 0.054967
0.574 0.039495
0.575 0.028142
0.576 0.019884
0.577 0.013932
0.578 0.0096802
0.579 0.0066694
0.58 0.0045564
0.581 0.0030866
0.582 0.0020733
0.583 0.0013809
0.584 0.00091197
0.585 0.00059716
0.586 0.0003877
0.587 0.00024957
0.588 0.00015929
0.589 0.00010079
0.59 6.3234e-005
0.591 3.9331e-005
0.592 2.4253e-005
0.593 1.4827e-005
0.594 8.9862e-006
0.595 5.3992e-006
0.596 3.2159e-006
0.597 1.8989e-006
0.598 1.1114e-006
0.599 6.4489e-007
0.6 3.7092e-007
0.601 2.1147e-007
0.602 1.1951e-007
0.603 6.6942e-008
0.604 3.7168e-008
0.605 2.0454e-008
0.606 1.1157e-008
0.607 6.0315e-009
0.608 3.2317e-009
0.609 1.7161e-009
0.61 9.0318e-010
0.611 4.7107e-010
0.612 2.4349e-010
0.613 1.2473e-010
0.614 6.3313e-011
0.615 3.1848e-011
0.616 1.5875e-011
0.617 7.8411e-012
0.618 3.8376e-012
0.619 1.8611e-012
0.62 8.9426e-013
0.621 4.2575e-013
0.622 2.0083e-013
0.623 9.3858e-014
0.624 4.3458e-014
0.625 1.9935e-014
0.626 9.0592e-015
0.627 4.0784e-015
0.628 1.8189e-015
0.629 8.0356e-016
0.63 3.5165e-016
0.631 1.5244e-016
0.632 6.5452e-017
0.633 2.7836e-017
0.634 1.1726e-017
0.635 4.8919e-018
0.636 2.0213e-018
0.637 8.2718e-019
0.638 3.3523e-019
0.639 1.3454e-019
0.64 5.3472e-020
0.641 2.1045e-020
0.642 8.2014e-021
0.643 3.1648e-021
0.644 1.2093e-021
0.645 4.5748e-022
0.646 1.7135e-022
0.647 6.3545e-023
0.648 2.333e-023
0.649 8.4794e-024
0.65 3.0509e-024
0.651 1.0867e-024
0.652 3.8313e-025
0.653 1.3371e-025
0.654 4.6187e-026
0.655 1.5791e-026
0.656 5.3436e-027
0.657 1.7896e-027
0.658 5.9314e-028
0.659 1.9455e-028
0.66 6.3145e-029
0.661 2.0281e-029
0.662 6.4456e-030
0.663 2.0269e-030
0.664 6.3063e-031
0.665 1.9412e-031
0.666 5.9119e-032
0.667 1.7812e-032
0.668 5.3087e-033
0.669 1.5651e-033
0.67 4.5645e-034
0.671 1.3167e-034
0.672 3.7566e-035
0.673 1.06e-035
0.674 2.9582e-036
0.675 8.1642e-037
0.676 2.2282e-037
0.677 6.0132e-038
0.678 1.6046e-038
0.679 4.2338e-039
0.68 1.1044e-039
0.681 2.8484e-040
0.682 7.2625e-041
0.683 1.8305e-041
0.684 4.5606e-042
0.685 1.1231e-042
0.686 2.7338e-043
0.687 6.5768e-044
0.688 1.5637e-044
0.689 3.674e-045
0.69 8.5303e-046
0.691 1.9571e-046
0.692 4.4364e-047
0.693 9.9362e-048
0.694 2.1986e-048
0.695 4.806e-049
0.696 1.0378e-049
0.697 2.2136e-050
0.698 4.6636e-051
0.699 9.7041e-052
0.7 1.9942e-052
0.701 4.047e-053
0.702 8.11e-054
0.703 1.6048e-054
0.704 3.1352e-055
0.705 6.0474e-056
0.706 1.1516e-056
0.707 2.1646e-057
0.708 4.0164e-058
0.709 7.3556e-059
0.71 1.3295e-059
0.711 2.3716e-060
0.712 4.1745e-061
0.713 7.2507e-062
0.714 1.2426e-062
0.715 2.1009e-063
0.716 3.5043e-064
0.717 5.7659e-065
0.718 9.3578e-066
0.719 1.4979e-066
0.72 2.3647e-067
0.721 3.6813e-068
0.722 5.6511e-069
0.723 8.5533e-070
0.724 1.2763e-070
0.725 1.8776e-071
0.726 2.7227e-072
0.727 3.8915e-073
0.728 5.4819e-074
0.729 7.61e-075
0.73 1.041e-075
0.731 1.4032e-076
0.732 1.8633e-077
0.733 2.4376e-078
0.734 3.1412e-079
0.735 3.9869e-080
0.736 4.9838e-081
0.737 6.1349e-082
0.738 7.4362e-083
0.739 8.8745e-084
0.74 1.0426e-084
0.741 1.2058e-085
0.742 1.3727e-086
0.743 1.5378e-087
0.744 1.6955e-088
0.745 1.8392e-089
0.746 1.963e-090
0.747 2.0611e-091
0.748 2.1288e-092
0.749 2.1624e-093
0.75 2.1602e-094
0.751 2.122e-095
0.752 2.0495e-096
0.753 1.9459e-097
0.754 1.8162e-098
0.755 1.666e-099
0.756 1.5019e-100
0.757 1.3304e-101
0.758 1.1579e-102
0.759 9.8995e-104
0.76 8.3135e-105
0.761 6.8568e-106
0.762 5.5535e-107
0.763 4.4163e-108
0.764 3.4478e-109
0.765 2.6422e-110
0.766 1.9873e-111
0.767 1.4668e-112
0.768 1.0622e-113
0.769 7.5466e-115
0.77 5.2591e-116
0.771 3.5945e-117
0.772 2.4091e-118
0.773 1.5831e-119
0.774 1.0198e-120
0.775 6.4391e-122
0.776 3.9843e-123
0.777 2.4157e-124
0.778 1.4349e-125
0.779 8.3484e-127
0.78 4.757e-128
0.781 2.6542e-129
0.782 1.4498e-130
0.783 7.7523e-132
0.784 4.0567e-133
0.785 2.0773e-134
0.786 1.0406e-135
0.787 5.099e-137
0.788 2.4434e-138
0.789 1.1449e-139
0.79 5.2442e-141
0.791 2.3478e-142
0.792 1.0271e-143
0.793 4.3903e-145
0.794 1.833e-146
0.795 7.4742e-148
0.796 2.9757e-149
0.797 1.1565e-150
0.798 4.3866e-152
0.799 1.6235e-153
0.8 5.862e-155
0.801 2.0643e-156
0.802 7.0884e-158
0.803 2.3728e-159
0.804 7.7415e-161
0.805 2.4611e-162
0.806 7.6218e-164
0.807 2.2988e-165
0.808 6.751e-167
0.809 1.9299e-168
0.81 5.3688e-170
0.811 1.4531e-171
0.812 3.8253e-173
0.813 9.792e-175
0.814 2.4366e-176
0.815 5.8925e-178
0.816 1.3844e-179
0.817 3.1592e-181
0.818 6.9999e-183
0.819 1.5055e-184
0.82 3.1421e-186
0.821 6.3615e-188
0.822 1.249e-189
0.823 2.3774e-191
0.824 4.3855e-193
0.825 7.8375e-195
0.826 1.3565e-196
0.827 2.273e-198
0.828 3.6861e-200
0.829 5.7832e-202
0.83 8.7747e-204
0.831 1.2871e-205
0.832 1.8244e-207
0.833 2.4981e-209
0.834 3.303e-211
0.835 4.2154e-213
0.836 5.1906e-215
0.837 6.1641e-217
0.838 7.0568e-219
0.839 7.7849e-221
0.84 8.2719e-223
0.841 8.462e-225
0.842 8.3303e-227
0.843 7.8879e-229
0.844 7.1809e-231
0.845 6.2819e-233
0.846 5.2783e-235
0.847 4.2575e-237
0.848 3.2951e-239
0.849 2.4457e-241
0.85 1.7399e-243
0.851 1.1857e-245
0.852 7.737e-248
0.853 4.8307e-250
0.854 2.8845e-252
0.855 1.6462e-254
0.856 8.974e-257
0.857 4.67e-259
0.858 2.3185e-261
0.859 1.0974e-263
0.86 4.9491e-266
0.861 2.1251e-268
0.862 8.6825e-271
0.863 3.3729e-273
0.864 1.245e-275
0.865 4.363e-278
0.866 1.4506e-280
0.867 4.5724e-283
0.868 1.3652e-285
0.869 3.8584e-288
0.87 1.0313e-290
0.871 2.6047e-293
0.872 6.2113e-296
0.873 1.3972e-298
0.874 2.9622e-301
0.875 5.9134e-304
0.876 1.1105e-306
0.877 1.96e-309
0.878 3.2479e-312
0.879 5.0481e-315
0.88 7.3514e-318
0.881 1.002e-320
0.882 1.4822e-323
0.883 0
0.884 0
0.885 0
0.886 0
0.887 0
0.888 0
0.889 0
0.89 0
0.891 0
0.892 0
0.893 0
0.894 0
0.895 0
0.896 0
0.897 0
0.898 0
0.899 0
0.9 0
0.901 0
0.902 0
0.903 0
0.904 0
0.905 0
0.906 0
0.907 0
0.908 0
0.909 0
0.91 0
0.911 0
0.912 0
0.913 0
0.914 0
0.915 0
0.916 0
0.917 0
0.918 0
0.919 0
0.92 0
0.921 0
0.922 0
0.923 0
0.924 0
0.925 0
0.926 0
0.927 0
0.928 0
0.929 0
0.93 0
0.931 0
0.932 0
0.933 0
0.934 0
0.935 0
0.936 0
0.937 0
0.938 0
0.939 0
0.94 0
0.941 0
0.942 0
0.943 0
0.944 0
0.945 0
0.946 0
0.947 0
0.948 0
0.949 0
0.95 0
0.951 0
0.952 0
0.953 0
0.954 0
0.955 0
0.956 0
0.957 0
0.958 0
0.959 0
0.96 0
0.961 0
0.962 0
0.963 0
0.964 0
0.965 0
0.966 0
0.967 0
0.968 0
0.969 0
0.97 0
0.971 0
0.972 0
0.973 0
0.974 0
0.975 0
0.976 0
0.977 0
0.978 0
0.979 0
0.98 0
0.981 0
0.982 0
0.983 0
0.984 0
0.985 0
0.986 0
0.987 0
0.988 0
0.989 0
0.99 0
0.991 0
0.992 0
0.993 0
0.994 0
0.995 0
0.996 0
0.997 0
0.998 0
0.999 0
1 0
