0 0
0.001 6.7983e-116
0.002 3.6805e-101
0.003 1.5045e-092
0.004 1.916e-086
0.005 1.0327e-081
0.006 7.5305e-078
0.007 1.3809e-074
0.008 9.2195e-072
0.009 2.8451e-069
0.01 4.7766e-067
0.011 4.9005e-065
0.012 3.3477e-063
0.013 1.6253e-061
0.014 5.8995e-060
0.015 1.6666e-058
0.016 3.7847e-057
0.017 7.0946e-056
0.018 1.1221e-054
0.019 1.5253e-053
0.02 1.8098e-052
0.021 1.8994e-051
0.022 1.7835e-050
0.023 1.5132e-049
0.024 1.1701e-048
0.025 8.3097e-048
0.026 5.4555e-047
0.027 3.331e-046
0.028 1.9014e-045
0.029 1.0195e-044
0.03 5.1568e-044
0.031 2.47e-043
0.032 1.1242e-042
0.033 4.8771e-042
0.034 2.0226e-041
0.035 8.0398e-041
0.036 3.0702e-040
0.037 1.1289e-039
0.038 4.0047e-039
0.039 1.3732e-038
0.04 4.5589e-038
0.041 1.4678e-037
0.042 4.59e-037
0.043 1.3959e-036
0.044 4.1341e-036
0.045 1.1937e-035
0.046 3.3641e-035
0.047 9.2632e-035
0.048 2.4946e-034
0.049 6.5764e-034
0.05 1.6986e-033
0.051 4.3019e-033
0.052 1.0691e-032
0.053 2.6092e-032
0.054 6.2574e-032
0.055 1.4756e-031
0.056 3.4235e-031
0.057 7.8193e-031
0.058 1.7591e-030
0.059 3.9002e-030
0.06 8.5259e-030
0.061 1.8385e-029
0.062 3.9124e-029
0.063 8.22e-029
0.064 1.7058e-028
0.065 3.4974e-028
0.066 7.088e-028
0.067 1.4203e-027
0.068 2.8151e-027
0.069 5.5206e-027
0.07 1.0715e-026
0.071 2.0588e-026
0.072 3.9175e-026
0.073 7.3837e-026
0.074 1.3789e-025
0.075 2.552e-025
0.076 4.6818e-025
0.077 8.5164e-025
0.078 1.5363e-024
0.079 2.7491e-024
0.08 4.8807e-024
0.081 8.5983e-024
0.082 1.5034e-023
0.083 2.6096e-023
0.084 4.4973e-023
0.085 7.6965e-023
0.086 1.3082e-022
0.087 2.2088e-022
0.088 3.705e-022
0.089 6.1755e-022
0.09 1.0229e-021
0.091 1.6841e-021
0.092 2.7561e-021
0.093 4.4843e-021
0.094 7.2545e-021
0.095 1.1671e-020
0.096 1.8672e-020
0.097 2.9715e-020
0.098 4.7041e-020
0.099 7.4086e-020
0.1 1.1609e-019
0.101 1.8102e-019
0.102 2.8089e-019
0.103 4.3378e-019
0.104 6.6679e-019
0.105 1.0203e-018
0.106 1.5542e-018
0.107 2.357e-018
0.108 3.5591e-018
0.109 5.3515e-018
0.11 8.013e-018
0.111 1.1949e-017
0.112 1.7747e-017
0.113 2.6255e-017
0.114 3.869e-017
0.115 5.6797e-017
0.116 8.3066e-017
0.117 1.2104e-016
0.118 1.7573e-016
0.119 2.5422e-016
0.12 3.6648e-016
0.121 5.2649e-016
0.122 7.5381e-016
0.123 1.0757e-015
0.124 1.5299e-015
0.125 2.1689e-015
0.126 3.0651e-015
0.127 4.318e-015
0.128 6.0642e-015
0.129 8.4908e-015
0.13 1.1853e-014
0.131 1.6497e-014
0.132 2.2895e-014
0.133 3.1682e-014
0.134 4.372e-014
0.135 6.0163e-014
0.136 8.2563e-014
0.137 1.13e-013
0.138 1.5424e-013
0.139 2.0999e-013
0.14 2.8514e-013
0.141 3.862e-013
0.142 5.2177e-013
0.143 7.0317e-013
0.144 9.4533e-013
0.145 1.2678e-012
0.146 1.6963e-012
0.147 2.2641e-012
0.148 3.0152e-012
0.149 4.0061e-012
0.15 5.3107e-012
0.151 7.0245e-012
0.152 9.2708e-012
0.153 1.2209e-011
0.154 1.6044e-011
0.155 2.1038e-011
0.156 2.753e-011
0.157 3.595e-011
0.158 4.685e-011
0.159 6.0932e-011
0.16 7.9089e-011
0.161 1.0245e-010
0.162 1.3246e-010
0.163 1.7093e-010
0.164 2.2016e-010
0.165 2.8303e-010
0.166 3.6317e-010
0.167 4.6516e-010
0.168 5.9471e-010
0.169 7.5898e-010
0.17 9.6691e-010
0.171 1.2296e-009
0.172 1.5611e-009
0.173 1.9784e-009
0.174 2.5031e-009
0.175 3.1616e-009
0.176 3.9868e-009
0.177 5.0191e-009
0.178 6.3085e-009
0.179 7.9163e-009
0.18 9.9183e-009
0.181 1.2407e-008
0.182 1.5496e-008
0.183 1.9324e-008
0.184 2.4062e-008
0.185 2.9916e-008
0.186 3.7139e-008
0.187 4.6038e-008
0.188 5.6985e-008
0.189 7.0434e-008
0.19 8.6933e-008
0.191 1.0714e-007
0.192 1.3187e-007
0.193 1.6208e-007
0.194 1.9893e-007
0.195 2.4383e-007
0.196 2.9845e-007
0.197 3.6483e-007
0.198 4.4539e-007
0.199 5.4302e-007
0.2 6.6118e-007
0.201 8.0403e-007
0.202 9.765e-007
0.203 1.1845e-006
0.204 1.4349e-006
0.205 1.7362e-006
0.206 2.0982e-006
0.207 2.5325e-006
0.208 3.053e-006
0.209 3.6762e-006
0.21 4.4213e-006
0.211 5.3111e-006
0.212 6.3727e-006
0.213 7.6376e-006
0.214 9.1432e-006
0.215 1.0933e-005
0.216 1.3059e-005
0.217 1.558e-005
0.218 1.8568e-005
0.219 2.2105e-005
0.22 2.6287e-005
0.221 3.1227e-005
0.222 3.7055e-005
0.223 4.3924e-005
0.224 5.2012e-005
0.225 6.1525e-005
0.226 7.2703e-005
0.227 8.5824e-005
0.228 0.00010121
0.229 0.00011923
0.23 0.00014033
0.231 0.00016499
0.232 0.00019379
0.233 0.00022741
0.234 0.00026659
0.235 0.00031222
0.236 0.00036532
0.237 0.00042704
0.238 0.00049872
0.239 0.00058189
0.24 0.0006783
0.241 0.00078996
0.242 0.00091917
0.243 0.0010685
0.244 0.0012411
0.245 0.0014402
0.246 0.0016697
0.247 0.0019342
0.248 0.0022386
0.249 0.0025886
0.25 0.0029908
0.251 0.0034526
0.252 0.0039823
0.253 0.0045894
0.254 0.0052846
0.255 0.00608
0.256 0.0069895
0.257 0.0080284
0.258 0.0092143
0.259 0.010567
0.26 0.012108
0.261 0.013863
0.262 0.01586
0.263 0.01813
0.264 0.02071
0.265 0.023637
0.266 0.026958
0.267 0.030722
0.268 0.034985
0.269 0.039809
0.27 0.045265
0.271 0.051429
0.272 0.058391
0.273 0.066245
0.274 0.075102
0.275 0.08508
0.276 0.096315
0.277 0.10895
0.278 0.12317
0.279 0.13913
0.28 0.15706
0.281 0.17717
0.282 0.19971
0.283 0.22497
0.284 0.25325
0.285 0.28489
0.286 0.32026
0.287 0.35979
0.288 0.40392
0.289 0.45316
0.29 0.50807
0.291 0.56925
0.292 0.63738
0.293 0.7132
0.294 0.79753
0.295 0.89125
0.296 0.99534
0.297 1.1109
0.298 1.239
0.299 1.3811
0.3 1.5385
0.301 1.7128
0.302 1.9057
0.303 2.1189
0.304 2.3546
0.305 2.6148
0.306 2.9021
0.307 3.219
0.308 3.5683
0.309 3.9532
0.31 4.377
0.311 4.8434
0.312 5.3563
0.313 5.9201
0.314 6.5394
0.315 7.2193
0.316 7.9652
0.317 8.7832
0.318 9.6797
0.319 10.662
0.32 11.737
0.321 12.913
0.322 14.198
0.323 15.604
0.324 17.138
0.325 18.814
0.326 20.642
0.327 22.634
0.328 24.806
0.329 27.172
0.33 29.747
0.331 32.549
0.332 35.595
0.333 38.906
0.334 42.503
0.335 46.407
0.336 50.643
0.337 55.238
0.338 60.218
0.339 65.612
0.34 71.454
0.341 77.775
0.342 84.612
0.343 92.004
0.344 99.99
0.345 108.61
0.346 117.92
0.347 127.97
0.348 138.8
0.349 150.47
0.35 163.04
0.351 176.58
0.352 191.14
0.353 206.81
0.354 223.65
0.355 241.75
0.356 261.18
0.357 282.04
0.358 304.42
0.359 328.42
0.36 354.15
0.361 381.71
0.362 411.22
0.363 442.8
0.364 476.58
0.365 512.71
0.366 551.31
0.367 592.55
0.368 636.58
0.369 683.57
0.37 733.68
0.371 787.12
0.372 844.06
0.373 904.71
0.374 969.28
0.375 1038
0.376 1111.1
0.377 1188.8
0.378 1271.4
0.379 1359.1
0.38 1452.2
0.381 1551
0.382 1655.8
0.383 1766.9
0.384 1884.6
0.385 2009.3
0.386 2141.3
0.387 2281.1
0.388 2428.9
0.389 2585.1
0.39 2750.3
0.391 2924.7
0.392 3108.9
0.393 3303.2
0.394 3508.2
0.395 3724.4
0.396 3952.3
0.397 4192.3
0.398 4445.1
0.399 4711.1
0.4 4990.9
0.401 5285.2
0.402 5594.6
0.403 5919.6
0.404 6260.9
0.405 6619.1
0.406 6995
0.407 7389.3
0.408 7802.6
0.409 8235.6
0.41 8689.2
0.411 9164.1
0.412 9661
0.413 10181
0.414 10724
0.415 11292
0.416 11885
0.417 12505
0.418 13152
0.419 13826
0.42 14529
0.421 15263
0.422 16027
0.423 16822
0.424 17650
0.425 18512
0.426 19408
0.427 20339
0.428 21308
0.429 22313
0.43 23357
0.431 24440
0.432 25564
0.433 26729
0.434 27937
0.435 29188
0.436 30484
0.437 31824
0.438 33212
0.439 34646
0.44 36129
0.441 37661
0.442 39244
0.443 40877
0.444 42562
0.445 44301
0.446 46093
0.447 47939
0.448 49841
0.449 51800
0.45 53815
0.451 55888
0.452 58019
0.453 60209
0.454 62459
0.455 64769
0.456 67139
0.457 69571
0.458 72065
0.459 74620
0.46 77238
0.461 79919
0.462 82663
0.463 85469
0.464 88339
0.465 91272
0.466 94268
0.467 97327
0.468 1.0045e+005
0.469 1.0363e+005
0.47 1.0688e+005
0.471 1.1019e+005
0.472 1.1356e+005
0.473 1.1699e+005
0.474 1.2048e+005
0.475 1.2403e+005
0.476 1.2765e+005
0.477 1.3131e+005
0.478 1.3504e+005
0.479 1.3882e+005
0.48 1.4266e+005
0.481 1.4655e+005
0.482 1.5049e+005
0.483 1.5448e+005
0.484 1.5853e+005
0.485 1.6262e+005
0.486 1.6676e+005
0.487 1.7094e+005
0.488 1.7516e+005
0.489 1.7943e+005
0.49 1.8373e+005
0.491 1.8807e+005
0.492 1.9245e+005
0.493 1.9686e+005
0.494 2.013e+005
0.495 2.0576e+005
0.496 2.1025e+005
0.497 2.1476e+005
0.498 2.1929e+005
0.499 2.2384e+005
0.5 2.284e+005
0.501 2.3298e+005
0.502 2.3756e+005
0.503 2.4214e+005
0.504 2.4673e+005
0.505 2.5132e+005
0.506 2.559e+005
0.507 2.6047e+005
0.508 2.6504e+005
0.509 2.6958e+005
0.51 2.7411e+005
0.511 2.7862e+005
0.512 2.831e+005
0.513 2.8756e+005
0.514 2.9198e+005
0.515 2.9636e+005
0.516 3.0071e+005
0.517 3.0501e+005
0.518 3.0927e+005
0.519 3.1347e+005
0.52 3.1763e+005
0.521 3.2172e+005
0.522 3.2575e+005
0.523 3.2972e+005
0.524 3.3362e+005
0.525 3.3744e+005
0.526 3.4119e+005
0.527 3.4486e+005
0.528 3.4845e+005
0.529 3.5195e+005
0.53 3.5537e+005
0.531 3.5869e+005
0.532 3.6191e+005
0.533 3.6504e+005
0.534 3.6806e+005
0.535 3.7097e+005
0.536 3.7378e+005
0.537 3.7648e+005
0.538 3.7906e+005
0.539 3.8153e+005
0.54 3.8388e+005
0.541 3.861e+005
0.542 3.8821e+005
0.543 3.9018e+005
0.544 3.9203e+005
0.545 3.9375e+005
0.546 3.9533e+005
0.547 3.9678e+005
0.548 3.981e+005
0.549 3.9928e+005
0.55 4.0032e+005
0.551 4.0122e+005
0.552 4.0198e+005
0.553 4.0259e+005
0.554 4.0307e+005
0.555 4.034e+005
0.556 4.0359e+005
0.557 4.0364e+005
0.558 4.0354e+005
0.559 4.033e+005
0.56 4.0291e+005
0.561 4.0238e+005
0.562 4.0171e+005
0.563 4.0089e+005
0.564 3.9994e+005
0.565 3.9884e+005
0.566 3.976e+005
0.567 3.9622e+005
0.568 3.9471e+005
0.569 3.9306e+005
0.57 3.9127e+005
0.571 3.8936e+005
0.572 3.8731e+005
0.573 3.8513e+005
0.574 3.8282e+005
0.575 3.804e+005
0.576 3.7784e+005
0.577 3.7517e+005
0.578 3.7239e+005
0.579 3.6948e+005
0.58 3.6647e+005
0.581 3.6335e+005
0.582 3.6012e+005
0.583 3.5679e+005
0.584 3.5336e+005
0.585 3.4983e+005
0.586 3.4621e+005
0.587 3.425e+005
0.588 3.3871e+005
0.589 3.3483e+005
0.59 3.3087e+005
0.591 3.2684e+005
0.592 3.2274e+005
0.593 3.1857e+005
0.594 3.1434e+005
0.595 3.1004e+005
0.596 3.0569e+005
0.597 3.0129e+005
0.598 2.9684e+005
0.599 2.9234e+005
0.6 2.878e+005
0.601 2.8323e+005
0.602 2.7862e+005
0.603 2.7398e+005
0.604 2.6932e+005
0.605 2.6463e+005
0.606 2.5993e+005
0.607 2.5521e+005
0.608 2.5048e+005
0.609 2.4574e+005
0.61 2.41e+005
0.611 2.3626e+005
0.612 2.3153e+005
0.613 2.268e+005
0.614 2.2207e+005
0.615 2.1737e+005
0.616 2.1267e+005
0.617 2.08e+005
0.618 2.0335e+005
0.619 1.9873e+005
0.62 1.9413e+005
0.621 1.8957e+005
0.622 1.8503e+005
0.623 1.8054e+005
0.624 1.7608e+005
0.625 1.7167e+005
0.626 1.6729e+005
0.627 1.6297e+005
0.628 1.5869e+005
0.629 1.5446e+005
0.63 1.5028e+005
0.631 1.4615e+005
0.632 1.4208e+005
0.633 1.3807e+005
0.634 1.3412e+005
0.635 1.3022e+005
0.636 1.2639e+005
0.637 1.2261e+005
0.638 1.189e+005
0.639 1.1526e+005
0.64 1.1168e+005
0.641 1.0816e+005
0.642 1.0471e+005
0.643 1.0133e+005
0.644 98017
0.645 94771
0.646 91593
0.647 88484
0.648 85444
0.649 82473
0.65 79570
0.651 76737
0.652 73972
0.653 71275
0.654 68647
0.655 66086
0.656 63593
0.657 61167
0.658 58807
0.659 56513
0.66 54284
0.661 52120
0.662 50019
0.663 47981
0.664 46006
0.665 44091
0.666 42237
0.667 40442
0.668 38706
0.669 37027
0.67 35404
0.671 33837
0.672 32323
0.673 30863
0.674 29455
0.675 28098
0.676 26791
0.677 25532
0.678 24321
0.679 23156
0.68 22036
0.681 20960
0.682 19927
0.683 18935
0.684 17984
0.685 17072
0.686 16199
0.687 15362
0.688 14561
0.689 13796
0.69 13063
0.691 12364
0.692 11696
0.693 11058
0.694 10449
0.695 9869.4
0.696 9316.8
0.697 8790.5
0.698 8289.5
0.699 7813
0.7 7360
0.701 6929.5
0.702 6520.7
0.703 6132.8
0.704 5764.7
0.705 5415.9
0.706 5085.3
0.707 4772.3
0.708 4476.1
0.709 4196
0.71 3931.2
0.711 3681
0.712 3444.8
0.713 3222
0.714 3011.8
0.715 2813.8
0.716 2627.2
0.717 2451.6
0.718 2286.4
0.719 2131.1
0.72 1985.2
0.721 1848.1
0.722 1719.5
0.723 1598.9
0.724 1485.9
0.725 1380
0.726 1280.9
0.727 1188.2
0.728 1101.5
0.729 1020.5
0.73 944.82
0.731 874.25
0.732 808.43
0.733 747.1
0.734 689.98
0.735 636.81
0.736 587.37
0.737 541.41
0.738 498.72
0.739 459.09
0.74 422.34
0.741 388.26
0.742 356.7
0.743 327.48
0.744 300.45
0.745 275.47
0.746 252.38
0.747 231.08
0.748 211.42
0.749 193.3
0.75 176.61
0.751 161.24
0.752 147.11
0.753 134.12
0.754 122.18
0.755 111.23
0.756 101.18
0.757 91.978
0.758 83.548
0.759 75.832
0.76 68.778
0.761 62.332
0.762 56.447
0.763 51.078
0.764 46.183
0.765 41.725
0.766 37.668
0.767 33.978
0.768 30.625
0.769 27.58
0.77 24.818
0.771 22.315
0.772 20.047
0.773 17.995
0.774 16.139
0.775 14.463
0.776 12.949
0.777 11.584
0.778 10.354
0.779 9.2465
0.78 8.2502
0.781 7.3547
0.782 6.5505
0.783 5.8291
0.784 5.1823
0.785 4.6032
0.786 4.0849
0.787 3.6217
0.788 3.2079
0.789 2.8388
0.79 2.5097
0.791 2.2166
0.792 1.9559
0.793 1.7241
0.794 1.5183
0.795 1.3358
0.796 1.174
0.797 1.0307
0.798 0.90404
0.799 0.7921
0.8 0.6933
0.801 0.60619
0.802 0.52946
0.803 0.46194
0.804 0.4026
0.805 0.3505
0.806 0.30481
0.807 0.26478
0.808 0.22975
0.809 0.19912
0.81 0.17239
0.811 0.14906
0.812 0.12875
0.813 0.11107
0.814 0.095707
0.815 0.082369
0.816 0.070804
0.817 0.060788
0.818 0.052124
0.819 0.044639
0.82 0.038181
0.821 0.032616
0.822 0.027825
0.823 0.023708
0.824 0.020173
0.825 0.017142
0.826 0.014547
0.827 0.012329
0.828 0.010434
0.829 0.0088179
0.83 0.0074418
0.831 0.0062715
0.832 0.0052777
0.833 0.004435
0.834 0.0037213
0.835 0.0031178
0.836 0.0026083
0.837 0.0021787
0.838 0.0018171
0.839 0.0015132
0.84 0.0012581
0.841 0.0010443
0.842 0.00086549
0.843 0.00071611
0.844 0.00059154
0.845 0.00048782
0.846 0.0004016
0.847 0.00033006
0.848 0.00027079
0.849 0.00022178
0.85 0.00018131
0.851 0.00014796
0.852 0.00012053
0.853 9.7999e-005
0.854 7.9532e-005
0.855 6.4422e-005
0.856 5.2083e-005
0.857 4.2025e-005
0.858 3.3843e-005
0.859 2.7199e-005
0.86 2.1815e-005
0.861 1.7461e-005
0.862 1.3947e-005
0.863 1.1117e-005
0.864 8.8417e-006
0.865 7.017e-006
0.866 5.5566e-006
0.867 4.3903e-006
0.868 3.4609e-006
0.869 2.722e-006
0.87 2.1359e-006
0.871 1.672e-006
0.872 1.3057e-006
0.873 1.0172e-006
0.874 7.9041e-007
0.875 6.1267e-007
0.876 4.7369e-007
0.877 3.6528e-007
0.878 2.8094e-007
0.879 2.1549e-007
0.88 1.6484e-007
0.881 1.2575e-007
0.882 9.5654e-008
0.883 7.2555e-008
0.884 5.4874e-008
0.885 4.1379e-008
0.886 3.1109e-008
0.887 2.3316e-008
0.888 1.7421e-008
0.889 1.2976e-008
0.89 9.6331e-009
0.891 7.1283e-009
0.892 5.2571e-009
0.893 3.864e-009
0.894 2.8302e-009
0.895 2.0656e-009
0.896 1.5022e-009
0.897 1.0885e-009
0.898 7.8576e-010
0.899 5.6507e-010
0.9 4.0479e-010
0.901 2.8882e-010
0.902 2.0525e-010
0.903 1.4526e-010
0.904 1.0237e-010
0.905 7.1836e-011
0.906 5.0189e-011
0.907 3.4909e-011
0.908 2.417e-011
0.909 1.6657e-011
0.91 1.1424e-011
0.911 7.7975e-012
0.912 5.2956e-012
0.913 3.5782e-012
0.914 2.4052e-012
0.915 1.6081e-012
0.916 1.0693e-012
0.917 7.0711e-013
0.918 4.6492e-013
0.919 3.0389e-013
0.92 1.9745e-013
0.921 1.275e-013
0.922 8.1818e-014
0.923 5.2163e-014
0.924 3.3037e-014
0.925 2.0782e-014
0.926 1.2981e-014
0.927 8.0508e-015
0.928 4.9563e-015
0.929 3.0282e-015
0.93 1.8358e-015
0.931 1.1041e-015
0.932 6.5852e-016
0.933 3.8946e-016
0.934 2.2833e-016
0.935 1.3266e-016
0.936 7.6362e-017
0.937 4.3538e-017
0.938 2.4579e-017
0.939 1.3735e-017
0.94 7.5946e-018
0.941 4.154e-018
0.942 2.2466e-018
0.943 1.201e-018
0.944 6.3431e-019
0.945 3.3086e-019
0.946 1.7036e-019
0.947 8.6547e-020
0.948 4.3359e-020
0.949 2.141e-020
0.95 1.0414e-020
0.951 4.987e-021
0.952 2.3494e-021
0.953 1.0882e-021
0.954 4.9519e-022
0.955 2.2121e-022
0.956 9.6925e-023
0.957 4.162e-023
0.958 1.7497e-023
0.959 7.1949e-024
0.96 2.8905e-024
0.961 1.1332e-024
0.962 4.3299e-025
0.963 1.6103e-025
0.964 5.8199e-026
0.965 2.041e-026
0.966 6.9327e-027
0.967 2.2766e-027
0.968 7.2125e-028
0.969 2.1995e-028
0.97 6.44e-029
0.971 1.8055e-029
0.972 4.8323e-030
0.973 1.2304e-030
0.974 2.9696e-031
0.975 6.7644e-032
0.976 1.4475e-032
0.977 2.8944e-033
0.978 5.3757e-034
0.979 9.2097e-035
0.98 1.4441e-035
0.981 2.0536e-036
0.982 2.6208e-037
0.983 2.9647e-038
0.984 2.9294e-039
0.985 2.4847e-040
0.986 1.7714e-041
0.987 1.0344e-042
0.988 4.7918e-044
0.989 1.6915e-045
0.99 4.3198e-047
0.991 7.4544e-049
0.992 7.9236e-051
0.993 4.557e-053
0.994 1.1727e-055
0.995 1.0058e-058
0.996 1.7555e-062
0.997 2.4725e-067
0.998 3.523e-074
0.999 6.7306e-086
1 0
