0.40997 2.6948
0.41085 2.9119
0.41172 3.1413
0.41259 3.3833
0.41346 3.6379
0.41433 3.9052
0.4152 4.1854
0.41608 4.4784
0.41695 4.7841
0.41782 5.1023
0.41869 5.4329
0.41956 5.7756
0.42043 6.1299
0.4213 6.4954
0.42218 6.8716
0.42305 7.2579
0.42392 7.6536
0.42479 8.0579
0.42566 8.4699
0.42653 8.8888
0.42741 9.3134
0.42828 9.7426
0.42915 10.175
0.43002 10.61
0.43089 11.046
0.43176 11.482
0.43263 11.916
0.43351 12.347
0.43438 12.772
0.43525 13.192
0.43612 13.604
0.43699 14.006
0.43786 14.398
0.43874 14.777
0.43961 15.142
0.44048 15.492
0.44135 15.825
0.44222 16.14
0.44309 16.435
0.44396 16.71
0.44484 16.962
0.44571 17.191
0.44658 17.396
0.44745 17.576
0.44832 17.729
0.44919 17.857
0.45007 17.957
0.45094 18.029
0.45181 18.074
0.45268 18.091
0.45355 18.079
0.45442 18.039
0.45529 17.972
0.45617 17.877
0.45704 17.754
0.45791 17.605
0.45878 17.431
0.45965 17.231
0.46052 17.007
0.4614 16.761
0.46227 16.492
0.46314 16.202
0.46401 15.893
0.46488 15.566
0.46575 15.222
0.46662 14.862
0.4675 14.489
0.46837 14.103
0.46924 13.706
0.47011 13.3
0.47098 12.886
0.47185 12.466
0.47273 12.041
0.4736 11.612
0.47447 11.182
0.47534 10.751
0.47621 10.32
0.47708 9.8918
0.47795 9.4665
0.47883 9.0456
0.4797 8.6301
0.48057 8.221
0.48144 7.8193
0.48231 7.4257
0.48318 7.0411
0.48406 6.6662
0.48493 6.3015
0.4858 5.9477
0.48667 5.605
0.48754 5.274
0.48841 4.9549
0.48928 4.648
0.49016 4.3533
0.49103 4.0711
0.4919 3.8013
0.49277 3.5439
0.49364 3.2988
0.49451 3.066
0.49539 2.8452
0.49626 2.6363
