0 0
0.001 0
0.002 0
0.003 0
0.004 0
0.005 0
0.006 0
0.007 0
0.008 0
0.009 1.4822e-323
0.01 4.194e-313
0.011 1.1557e-303
0.012 4.6819e-295
0.013 3.7909e-287
0.014 7.7905e-280
0.015 4.9103e-273
0.016 1.1057e-266
0.017 1.0079e-260
0.018 4.1242e-255
0.019 8.2607e-250
0.02 8.7153e-245
0.021 5.1559e-240
0.022 1.8049e-235
0.023 3.9174e-231
0.024 5.4902e-227
0.025 5.1491e-223
0.026 3.3351e-219
0.027 1.534e-215
0.028 5.1373e-212
0.029 1.2807e-208
0.03 2.425e-205
0.031 3.5505e-202
0.032 4.086e-199
0.033 3.7511e-196
0.034 2.7844e-193
0.035 1.6918e-190
0.036 8.5099e-188
0.037 3.5803e-185
0.038 1.272e-182
0.039 3.8497e-180
0.04 1.0006e-177
0.041 2.2502e-175
0.042 4.4094e-173
0.043 7.5773e-171
0.044 1.1488e-168
0.045 1.5453e-166
0.046 1.8539e-164
0.047 1.9936e-162
0.048 1.9302e-160
0.049 1.69e-158
0.05 1.3436e-156
0.051 9.7357e-155
0.052 6.4529e-153
0.053 3.9256e-151
0.054 2.1989e-149
0.055 1.1375e-147
0.056 5.4501e-146
0.057 2.4251e-144
0.058 1.0047e-142
0.059 3.8849e-141
0.06 1.4053e-139
0.061 4.766e-138
0.062 1.5186e-136
0.063 4.5549e-135
0.064 1.2886e-133
0.065 3.4444e-132
0.066 8.7143e-131
0.067 2.0902e-129
0.068 4.7604e-128
0.069 1.031e-126
0.07 2.1266e-125
0.071 4.1829e-124
0.072 7.8567e-123
0.073 1.4109e-121
0.074 2.4256e-120
0.075 3.9963e-119
0.076 6.3172e-118
0.077 9.5914e-117
0.078 1.4002e-115
0.079 1.9672e-114
0.08 2.6626e-113
0.081 3.4748e-112
0.082 4.3766e-111
0.083 5.3245e-110
0.084 6.262e-109
0.085 7.1251e-108
0.086 7.8494e-107
0.087 8.3787e-106
0.088 8.6721e-105
0.089 8.709e-104
0.09 8.4919e-103
0.091 8.0447e-102
0.092 7.409e-101
0.093 6.6376e-100
0.094 5.7878e-099
0.095 4.915e-098
0.096 4.067e-097
0.097 3.2809e-096
0.098 2.5816e-095
0.099 1.9825e-094
0.1 1.4864e-093
0.101 1.0887e-092
0.102 7.7924e-092
0.103 5.4532e-091
0.104 3.7328e-090
0.105 2.5003e-089
0.106 1.6395e-088
0.107 1.0528e-087
0.108 6.6229e-087
0.109 4.0834e-086
0.11 2.4683e-085
0.111 1.4633e-084
0.112 8.5109e-084
0.113 4.8582e-083
0.114 2.7224e-082
0.115 1.4982e-081
0.116 8.0995e-081
0.117 4.3026e-080
0.118 2.2466e-079
0.119 1.1533e-078
0.12 5.8232e-078
0.121 2.8923e-077
0.122 1.4136e-076
0.123 6.7997e-076
0.124 3.2202e-075
0.125 1.5018e-074
0.126 6.8983e-074
0.127 3.1218e-073
0.128 1.3922e-072
0.129 6.1195e-072
0.13 2.6518e-071
0.131 1.1331e-070
0.132 4.7755e-070
0.133 1.9853e-069
0.134 8.1438e-069
0.135 3.2966e-068
0.136 1.3172e-067
0.137 5.1958e-067
0.138 2.0237e-066
0.139 7.7844e-066
0.14 2.9576e-065
0.141 1.1102e-064
0.142 4.1174e-064
0.143 1.5091e-063
0.144 5.467e-063
0.145 1.9579e-062
0.146 6.9324e-062
0.147 2.4273e-061
0.148 8.4051e-061
0.149 2.8789e-060
0.15 9.7551e-060
0.151 3.2705e-059
0.152 1.085e-058
0.153 3.5624e-058
0.154 1.1577e-057
0.155 3.7245e-057
0.156 1.1863e-056
0.157 3.7414e-056
0.158 1.1685e-055
0.159 3.6145e-055
0.16 1.1075e-054
0.161 3.3615e-054
0.162 1.0109e-053
0.163 3.012e-053
0.164 8.8938e-053
0.165 2.6026e-052
0.166 7.549e-052
0.167 2.1705e-051
0.168 6.1865e-051
0.169 1.7483e-050
0.17 4.899e-050
0.171 1.3613e-049
0.172 3.7515e-049
0.173 1.0254e-048
0.174 2.78e-048
0.175 7.4768e-048
0.176 1.995e-047
0.177 5.2814e-047
0.178 1.3874e-046
0.179 3.6165e-046
0.18 9.3557e-046
0.181 2.4021e-045
0.182 6.1218e-045
0.183 1.5487e-044
0.184 3.8893e-044
0.185 9.697e-044
0.186 2.4005e-043
0.187 5.9004e-043
0.188 1.4402e-042
0.189 3.4909e-042
0.19 8.4038e-042
0.191 2.0093e-041
0.192 4.772e-041
0.193 1.1258e-040
0.194 2.6383e-040
0.195 6.1425e-040
0.196 1.4209e-039
0.197 3.2656e-039
0.198 7.4579e-039
0.199 1.6925e-038
0.2 3.817e-038
0.201 8.555e-038
0.202 1.9057e-037
0.203 4.2194e-037
0.204 9.2858e-037
0.205 2.0314e-036
0.206 4.4178e-036
0.207 9.5513e-036
0.208 2.053e-035
0.209 4.3875e-035
0.21 9.3231e-035
0.211 1.9699e-034
0.212 4.1388e-034
0.213 8.6476e-034
0.214 1.7969e-033
0.215 3.7133e-033
0.216 7.6319e-033
0.217 1.5602e-032
0.218 3.1724e-032
0.219 6.4167e-032
0.22 1.2911e-031
0.221 2.5841e-031
0.222 5.1456e-031
0.223 1.0194e-030
0.224 2.0092e-030
0.225 3.9401e-030
0.226 7.6883e-030
0.227 1.4928e-029
0.228 2.8841e-029
0.229 5.5449e-029
0.23 1.0609e-028
0.231 2.0201e-028
0.232 3.8281e-028
0.233 7.22e-028
0.234 1.3553e-027
0.235 2.5323e-027
0.236 4.7096e-027
0.237 8.7186e-027
0.238 1.6067e-026
0.239 2.9474e-026
0.24 5.3825e-026
0.241 9.7856e-026
0.242 1.7712e-025
0.243 3.1918e-025
0.244 5.7266e-025
0.245 1.023e-024
0.246 1.8196e-024
0.247 3.2226e-024
0.248 5.6833e-024
0.249 9.9805e-024
0.25 1.7454e-023
0.251 3.0395e-023
0.252 5.2714e-023
0.253 9.1047e-023
0.254 1.5661e-022
0.255 2.683e-022
0.256 4.578e-022
0.257 7.7801e-022
0.258 1.3169e-021
0.259 2.2204e-021
0.26 3.729e-021
0.261 6.2381e-021
0.262 1.0395e-020
0.263 1.7256e-020
0.264 2.8536e-020
0.265 4.701e-020
0.266 7.715e-020
0.267 1.2614e-019
0.268 2.0548e-019
0.269 3.3346e-019
0.27 5.3919e-019
0.271 8.6863e-019
0.272 1.3943e-018
0.273 2.2299e-018
0.274 3.5536e-018
0.275 5.6428e-018
0.276 8.9284e-018
0.277 1.4077e-017
0.278 2.2118e-017
0.279 3.4629e-017
0.28 5.403e-017
0.281 8.4009e-017
0.282 1.3018e-016
0.283 2.0102e-016
0.284 3.0938e-016
0.285 4.7453e-016
0.286 7.2542e-016
0.287 1.1052e-015
0.288 1.6784e-015
0.289 2.5402e-015
0.29 3.8322e-015
0.291 5.7622e-015
0.292 8.6363e-015
0.293 1.2902e-014
0.294 1.9213e-014
0.295 2.852e-014
0.296 4.2201e-014
0.297 6.2247e-014
0.298 9.1527e-014
0.299 1.3416e-013
0.3 1.9604e-013
0.301 2.8557e-013
0.302 4.1471e-013
0.303 6.004e-013
0.304 8.666e-013
0.305 1.247e-012
0.306 1.7891e-012
0.307 2.559e-012
0.308 3.6493e-012
0.309 5.1888e-012
0.31 7.3558e-012
0.311 1.0397e-011
0.312 1.4653e-011
0.313 2.0591e-011
0.314 2.8851e-011
0.315 4.0307e-011
0.316 5.6151e-011
0.317 7.8e-011
0.318 1.0804e-010
0.319 1.4923e-010
0.32 2.0554e-010
0.321 2.823e-010
0.322 3.8665e-010
0.323 5.281e-010
0.324 7.193e-010
0.325 9.7701e-010
0.326 1.3234e-009
0.327 1.7878e-009
0.328 2.4085e-009
0.329 3.2359e-009
0.33 4.3359e-009
0.331 5.7941e-009
0.332 7.7222e-009
0.333 1.0264e-008
0.334 1.3608e-008
0.335 1.7992e-008
0.336 2.3726e-008
0.337 3.1207e-008
0.338 4.0939e-008
0.339 5.3567e-008
0.34 6.9909e-008
0.341 9.1002e-008
0.342 1.1816e-007
0.343 1.5302e-007
0.344 1.9767e-007
0.345 2.547e-007
0.346 3.2737e-007
0.347 4.197e-007
0.348 5.3674e-007
0.349 6.847e-007
0.35 8.7129e-007
0.351 1.106e-006
0.352 1.4005e-006
0.353 1.769e-006
0.354 2.2291e-006
0.355 2.802e-006
0.356 3.5136e-006
0.357 4.3953e-006
0.358 5.4851e-006
0.359 6.8287e-006
0.36 8.4813e-006
0.361 1.0509e-005
0.362 1.299e-005
0.363 1.602e-005
0.364 1.9709e-005
0.365 2.4192e-005
0.366 2.9626e-005
0.367 3.6195e-005
0.368 4.412e-005
0.369 5.3655e-005
0.37 6.5103e-005
0.371 7.8812e-005
0.372 9.5191e-005
0.373 0.00011471
0.374 0.00013793
0.375 0.00016547
0.376 0.00019806
0.377 0.00023655
0.378 0.00028188
0.379 0.00033516
0.38 0.00039764
0.381 0.00047072
0.382 0.00055602
0.383 0.00065534
0.384 0.00077073
0.385 0.00090447
0.386 0.0010591
0.387 0.0012376
0.388 0.001443
0.389 0.001679
0.39 0.0019494
0.391 0.0022585
0.392 0.0026112
0.393 0.0030126
0.394 0.0034685
0.395 0.0039851
0.396 0.0045692
0.397 0.0052281
0.398 0.0059697
0.399 0.0068026
0.4 0.0077359
0.401 0.0087795
0.402 0.0099437
0.403 0.01124
0.404 0.012679
0.405 0.014275
0.406 0.016039
0.407 0.017987
0.408 0.02013
0.409 0.022486
0.41 0.025068
0.411 0.027893
0.412 0.030977
0.413 0.034335
0.414 0.037985
0.415 0.041944
0.416 0.046228
0.417 0.050855
0.418 0.05584
0.419 0.061201
0.42 0.066952
0.421 0.07311
0.422 0.07969
0.423 0.086704
0.424 0.094167
0.425 0.10209
0.426 0.11048
0.427 0.11935
0.428 0.12871
0.429 0.13857
0.43 0.14892
0.431 0.15977
0.432 0.17112
0.433 0.18297
0.434 0.19531
0.435 0.20814
0.436 0.22145
0.437 0.23523
0.438 0.24947
0.439 0.26414
0.44 0.27924
0.441 0.29474
0.442 0.31062
0.443 0.32686
0.444 0.34342
0.445 0.36029
0.446 0.37742
0.447 0.3948
0.448 0.41239
0.449 0.43014
0.45 0.44803
0.451 0.46603
0.452 0.48409
0.453 0.50218
0.454 0.52026
0.455 0.53829
0.456 0.55624
0.457 0.57407
0.458 0.59175
0.459 0.60924
0.46 0.6265
0.461 0.64352
0.462 0.66024
0.463 0.67666
0.464 0.69274
0.465 0.70845
0.466 0.72377
0.467 0.73868
0.468 0.75317
0.469 0.76721
0.47 0.7808
0.471 0.79391
0.472 0.80655
0.473 0.8187
0.474 0.83036
0.475 0.84153
0.476 0.8522
0.477 0.86238
0.478 0.87207
0.479 0.88127
0.48 0.89
0.481 0.89825
0.482 0.90604
0.483 0.91338
0.484 0.92029
0.485 0.92677
0.486 0.93284
0.487 0.93851
0.488 0.9438
0.489 0.94872
0.49 0.9533
0.491 0.95754
0.492 0.96146
0.493 0.96509
0.494 0.96843
0.495 0.9715
0.496 0.97431
0.497 0.97689
0.498 0.97925
0.499 0.98141
0.5 0.98336
0.501 0.98514
0.502 0.98676
0.503 0.98822
0.504 0.98954
0.505 0.99072
0.506 0.99179
0.507 0.99275
0.508 0.99361
0.509 0.99438
0.51 0.99506
0.511 0.99567
0.512 0.99621
0.513 0.99669
0.514 0.99712
0.515 0.99749
0.516 0.99782
0.517 0.99811
0.518 0.99837
0.519 0.99859
0.52 0.99878
0.521 0.99895
0.522 0.9991
0.523 0.99923
0.524 0.99934
0.525 0.99944
0.526 0.99952
0.527 0.99959
0.528 0.99965
0.529 0.99971
0.53 0.99975
0.531 0.99979
0.532 0.99982
0.533 0.99985
0.534 0.99988
0.535 0.9999
0.536 0.99991
0.537 0.99993
0.538 0.99994
0.539 0.99995
0.54 0.99996
0.541 0.99997
0.542 0.99997
0.543 0.99998
0.544 0.99998
0.545 0.99998
0.546 0.99999
0.547 0.99999
0.548 0.99999
0.549 0.99999
0.55 0.99999
0.551 1
0.552 1
0.553 1
0.554 1
0.555 1
0.556 1
0.557 1
0.558 1
0.559 1
0.56 1
0.561 1
0.562 1
0.563 1
0.564 1
0.565 1
0.566 1
0.567 1
0.568 1
0.569 1
0.57 1
0.571 1
0.572 1
0.573 1
0.574 1
0.575 1
0.576 1
0.577 1
0.578 1
0.579 1
0.58 1
0.581 1
0.582 1
0.583 1
0.584 1
0.585 1
0.586 1
0.587 1
0.588 1
0.589 1
0.59 1
0.591 1
0.592 1
0.593 1
0.594 1
0.595 1
0.596 1
0.597 1
0.598 1
0.599 1
0.6 1
0.601 1
0.602 1
0.603 1
0.604 1
0.605 1
0.606 1
0.607 1
0.608 1
0.609 1
0.61 1
0.611 1
0.612 1
0.613 1
0.614 1
0.615 1
0.616 1
0.617 1
0.618 1
0.619 1
0.62 1
0.621 1
0.622 1
0.623 1
0.624 1
0.625 1
0.626 1
0.627 1
0.628 1
0.629 1
0.63 1
0.631 1
0.632 1
0.633 1
0.634 1
0.635 1
0.636 1
0.637 1
0.638 1
0.639 1
0.64 1
0.641 1
0.642 1
0.643 1
0.644 1
0.645 1
0.646 1
0.647 1
0.648 1
0.649 1
0.65 1
0.651 1
0.652 1
0.653 1
0.654 1
0.655 1
0.656 1
0.657 1
0.658 1
0.659 1
0.66 1
0.661 1
0.662 1
0.663 1
0.664 1
0.665 1
0.666 1
0.667 1
0.668 1
0.669 1
0.67 1
0.671 1
0.672 1
0.673 1
0.674 1
0.675 1
0.676 1
0.677 1
0.678 1
0.679 1
0.68 1
0.681 1
0.682 1
0.683 1
0.684 1
0.685 1
0.686 1
0.687 1
0.688 1
0.689 1
0.69 1
0.691 1
0.692 1
0.693 1
0.694 1
0.695 1
0.696 1
0.697 1
0.698 1
0.699 1
0.7 1
0.701 1
0.702 1
0.703 1
0.704 1
0.705 1
0.706 1
0.707 1
0.708 1
0.709 1
0.71 1
0.711 1
0.712 1
0.713 1
0.714 1
0.715 1
0.716 1
0.717 1
0.718 1
0.719 1
0.72 1
0.721 1
0.722 1
0.723 1
0.724 1
0.725 1
0.726 1
0.727 1
0.728 1
0.729 1
0.73 1
0.731 1
0.732 1
0.733 1
0.734 1
0.735 1
0.736 1
0.737 1
0.738 1
0.739 1
0.74 1
0.741 1
0.742 1
0.743 1
0.744 1
0.745 1
0.746 1
0.747 1
0.748 1
0.749 1
0.75 1
0.751 1
0.752 1
0.753 1
0.754 1
0.755 1
0.756 1
0.757 1
0.758 1
0.759 1
0.76 1
0.761 1
0.762 1
0.763 1
0.764 1
0.765 1
0.766 1
0.767 1
0.768 1
0.769 1
0.77 1
0.771 1
0.772 1
0.773 1
0.774 1
0.775 1
0.776 1
0.777 1
0.778 1
0.779 1
0.78 1
0.781 1
0.782 1
0.783 1
0.784 1
0.785 1
0.786 1
0.787 1
0.788 1
0.789 1
0.79 1
0.791 1
0.792 1
0.793 1
0.794 1
0.795 1
0.796 1
0.797 1
0.798 1
0.799 1
0.8 1
0.801 1
0.802 1
0.803 1
0.804 1
0.805 1
0.806 1
0.807 1
0.808 1
0.809 1
0.81 1
0.811 1
0.812 1
0.813 1
0.814 1
0.815 1
0.816 1
0.817 1
0.818 1
0.819 1
0.82 1
0.821 1
0.822 1
0.823 1
0.824 1
0.825 1
0.826 1
0.827 1
0.828 1
0.829 1
0.83 1
0.831 1
0.832 1
0.833 1
0.834 1
0.835 1
0.836 1
0.837 1
0.838 1
0.839 1
0.84 1
0.841 1
0.842 1
0.843 1
0.844 1
0.845 1
0.846 1
0.847 1
0.848 1
0.849 1
0.85 1
0.851 1
0.852 1
0.853 1
0.854 1
0.855 1
0.856 1
0.857 1
0.858 1
0.859 1
0.86 1
0.861 1
0.862 1
0.863 1
0.864 1
0.865 1
0.866 1
0.867 1
0.868 1
0.869 1
0.87 1
0.871 1
0.872 1
0.873 1
0.874 1
0.875 1
0.876 1
0.877 1
0.878 1
0.879 1
0.88 1
0.881 1
0.882 1
0.883 1
0.884 1
0.885 1
0.886 1
0.887 1
0.888 1
0.889 1
0.89 1
0.891 1
0.892 1
0.893 1
0.894 1
0.895 1
0.896 1
0.897 1
0.898 1
0.899 1
0.9 1
0.901 1
0.902 1
0.903 1
0.904 1
0.905 1
0.906 1
0.907 1
0.908 1
0.909 1
0.91 1
0.911 1
0.912 1
0.913 1
0.914 1
0.915 1
0.916 1
0.917 1
0.918 1
0.919 1
0.92 1
0.921 1
0.922 1
0.923 1
0.924 1
0.925 1
0.926 1
0.927 1
0.928 1
0.929 1
0.93 1
0.931 1
0.932 1
0.933 1
0.934 1
0.935 1
0.936 1
0.937 1
0.938 1
0.939 1
0.94 1
0.941 1
0.942 1
0.943 1
0.944 1
0.945 1
0.946 1
0.947 1
0.948 1
0.949 1
0.95 1
0.951 1
0.952 1
0.953 1
0.954 1
0.955 1
0.956 1
0.957 1
0.958 1
0.959 1
0.96 1
0.961 1
0.962 1
0.963 1
0.964 1
0.965 1
0.966 1
0.967 1
0.968 1
0.969 1
0.97 1
0.971 1
0.972 1
0.973 1
0.974 1
0.975 1
0.976 1
0.977 1
0.978 1
0.979 1
0.98 1
0.981 1
0.982 1
0.983 1
0.984 1
0.985 1
0.986 1
0.987 1
0.988 1
0.989 1
0.99 1
0.991 1
0.992 1
0.993 1
0.994 1
0.995 1
0.996 1
0.997 1
0.998 1
0.999 1
1 1
