0 0
0.001 0
0.002 0
0.003 0
0.004 0
0.005 0
0.006 0
0.007 0
0.008 0
0.009 3.7898e-319
0.01 9.5709e-309
0.011 2.3947e-299
0.012 8.8815e-291
0.013 6.6299e-283
0.014 1.2636e-275
0.015 7.4238e-269
0.016 1.5653e-262
0.017 1.3412e-256
0.018 5.1765e-251
0.019 9.8102e-246
0.02 9.8201e-241
0.021 5.5258e-236
0.022 1.8441e-231
0.023 3.8235e-227
0.024 5.1286e-223
0.025 4.6116e-219
0.026 2.8683e-215
0.027 1.2688e-211
0.028 4.092e-208
0.029 9.8368e-205
0.03 1.798e-201
0.031 2.5443e-198
0.032 2.8328e-195
0.033 2.5185e-192
0.034 1.812e-189
0.035 1.0681e-186
0.036 5.2162e-184
0.037 2.1324e-181
0.038 7.3666e-179
0.039 2.1693e-176
0.04 5.4899e-174
0.041 1.2029e-171
0.042 2.2978e-169
0.043 3.8515e-167
0.044 5.6987e-165
0.045 7.4848e-163
0.046 8.7724e-161
0.047 9.2194e-159
0.048 8.7282e-157
0.049 7.4757e-155
0.05 5.8161e-153
0.051 4.1259e-151
0.052 2.6783e-149
0.053 1.5963e-147
0.054 8.7633e-146
0.055 4.4446e-144
0.056 2.0885e-142
0.057 9.1166e-141
0.058 3.7064e-139
0.059 1.4068e-137
0.06 4.9969e-136
0.061 1.6644e-134
0.062 5.2101e-133
0.063 1.5357e-131
0.064 4.2702e-130
0.065 1.1222e-128
0.066 2.7919e-127
0.067 6.5867e-126
0.068 1.4758e-124
0.069 3.1454e-123
0.07 6.3852e-122
0.071 1.2364e-120
0.072 2.2865e-119
0.073 4.0438e-118
0.074 6.8473e-117
0.075 1.1114e-115
0.076 1.731e-114
0.077 2.59e-113
0.078 3.7267e-112
0.079 5.1615e-111
0.08 6.8878e-110
0.081 8.8641e-109
0.082 1.1011e-107
0.083 1.3213e-106
0.084 1.533e-105
0.085 1.721e-104
0.086 1.8709e-103
0.087 1.9709e-102
0.088 2.0135e-101
0.089 1.9961e-100
0.09 1.9215e-099
0.091 1.7974e-098
0.092 1.6347e-097
0.093 1.4463e-096
0.094 1.2457e-095
0.095 1.045e-094
0.096 8.5423e-094
0.097 6.8086e-093
0.098 5.294e-092
0.099 4.0175e-091
0.1 2.977e-090
0.101 2.1552e-089
0.102 1.5249e-088
0.103 1.0549e-087
0.104 7.1394e-087
0.105 4.7284e-086
0.106 3.0658e-085
0.107 1.9469e-084
0.108 1.2113e-083
0.109 7.3869e-083
0.11 4.4168e-082
0.111 2.5903e-081
0.112 1.4904e-080
0.113 8.4174e-080
0.114 4.6672e-079
0.115 2.5416e-078
0.116 1.3597e-077
0.117 7.1481e-077
0.118 3.694e-076
0.119 1.877e-075
0.12 9.3807e-075
0.121 4.6122e-074
0.122 2.2315e-073
0.123 1.0627e-072
0.124 4.9831e-072
0.125 2.301e-071
0.126 1.0466e-070
0.127 4.6901e-070
0.128 2.0713e-069
0.129 9.0167e-069
0.13 3.8698e-068
0.131 1.6378e-067
0.132 6.8368e-067
0.133 2.8155e-066
0.134 1.144e-065
0.135 4.5879e-065
0.136 1.8161e-064
0.137 7.0974e-064
0.138 2.7389e-063
0.139 1.0439e-062
0.14 3.9299e-062
0.141 1.4617e-061
0.142 5.3722e-061
0.143 1.9513e-060
0.144 7.0056e-060
0.145 2.4865e-059
0.146 8.7259e-059
0.147 3.0282e-058
0.148 1.0394e-057
0.149 3.5288e-057
0.15 1.1853e-056
0.151 3.9392e-056
0.152 1.2955e-055
0.153 4.2168e-055
0.154 1.3586e-054
0.155 4.3333e-054
0.156 1.3684e-053
0.157 4.2791e-053
0.158 1.3251e-052
0.159 4.0644e-052
0.16 1.2348e-051
0.161 3.7166e-051
0.162 1.1083e-050
0.163 3.2749e-050
0.164 9.5895e-050
0.165 2.783e-049
0.166 8.0055e-049
0.167 2.2828e-048
0.168 6.4534e-048
0.169 1.8088e-047
0.17 5.0272e-047
0.171 1.3856e-046
0.172 3.7874e-046
0.173 1.0268e-045
0.174 2.7615e-045
0.175 7.3674e-045
0.176 1.9501e-044
0.177 5.1212e-044
0.178 1.3345e-043
0.179 3.4511e-043
0.18 8.8572e-043
0.181 2.2561e-042
0.182 5.7043e-042
0.183 1.4317e-041
0.184 3.5672e-041
0.185 8.8243e-041
0.186 2.1674e-040
0.187 5.2858e-040
0.188 1.2801e-039
0.189 3.0788e-039
0.19 7.3541e-039
0.191 1.7447e-038
0.192 4.1116e-038
0.193 9.6248e-038
0.194 2.2382e-037
0.195 5.1711e-037
0.196 1.187e-036
0.197 2.7072e-036
0.198 6.1353e-036
0.199 1.3817e-035
0.2 3.0923e-035
0.201 6.878e-035
0.202 1.5205e-034
0.203 3.3409e-034
0.204 7.2969e-034
0.205 1.5842e-033
0.206 3.4192e-033
0.207 7.3366e-033
0.208 1.5651e-032
0.209 3.3195e-032
0.21 7.0006e-032
0.211 1.468e-031
0.212 3.0613e-031
0.213 6.3482e-031
0.214 1.3092e-030
0.215 2.6852e-030
0.216 5.4777e-030
0.217 1.1114e-029
0.218 2.243e-029
0.219 4.503e-029
0.22 8.9926e-029
0.221 1.7865e-028
0.222 3.5309e-028
0.223 6.9427e-028
0.224 1.3582e-027
0.225 2.6437e-027
0.226 5.1203e-027
0.227 9.8677e-027
0.228 1.8923e-026
0.229 3.6111e-026
0.23 6.8579e-026
0.231 1.2961e-025
0.232 2.4379e-025
0.233 4.5639e-025
0.234 8.5038e-025
0.235 1.5771e-024
0.236 2.9113e-024
0.237 5.3494e-024
0.238 9.7847e-024
0.239 1.7816e-023
0.24 3.2295e-023
0.241 5.8277e-023
0.242 1.047e-022
0.243 1.8727e-022
0.244 3.3349e-022
0.245 5.9132e-022
0.246 1.0439e-021
0.247 1.8351e-021
0.248 3.2123e-021
0.249 5.5991e-021
0.25 9.7185e-021
0.251 1.6798e-020
0.252 2.8916e-020
0.253 4.957e-020
0.254 8.4628e-020
0.255 1.439e-019
0.256 2.4369e-019
0.257 4.1103e-019
0.258 6.9053e-019
0.259 1.1555e-018
0.26 1.926e-018
0.261 3.1977e-018
0.262 5.2885e-018
0.263 8.7127e-018
0.264 1.4299e-017
0.265 2.3378e-017
0.266 3.8076e-017
0.267 6.1782e-017
0.268 9.9874e-017
0.269 1.6085e-016
0.27 2.581e-016
0.271 4.1263e-016
0.272 6.5726e-016
0.273 1.0431e-015
0.274 1.6496e-015
0.275 2.5993e-015
0.276 4.0811e-015
0.277 6.385e-015
0.278 9.9543e-015
0.279 1.5465e-014
0.28 2.3941e-014
0.281 3.6936e-014
0.282 5.6788e-014
0.283 8.7011e-014
0.284 1.3286e-013
0.285 2.0219e-013
0.286 3.0666e-013
0.287 4.6355e-013
0.288 6.9836e-013
0.289 1.0486e-012
0.29 1.5694e-012
0.291 2.341e-012
0.292 3.4807e-012
0.293 5.1584e-012
0.294 7.6201e-012
0.295 1.122e-011
0.296 1.6469e-011
0.297 2.4095e-011
0.298 3.5142e-011
0.299 5.1092e-011
0.3 7.4048e-011
0.301 1.0698e-010
0.302 1.5409e-010
0.303 2.2125e-010
0.304 3.1671e-010
0.305 4.5197e-010
0.306 6.4303e-010
0.307 9.1208e-010
0.308 1.2898e-009
0.309 1.8185e-009
0.31 2.5563e-009
0.311 3.5826e-009
0.312 5.0062e-009
0.313 6.9749e-009
0.314 9.6893e-009
0.315 1.3421e-008
0.316 1.8535e-008
0.317 2.5524e-008
0.318 3.5048e-008
0.319 4.7987e-008
0.32 6.5515e-008
0.321 8.9191e-008
0.322 1.2108e-007
0.323 1.6391e-007
0.324 2.2126e-007
0.325 2.9784e-007
0.326 3.9982e-007
0.327 5.3523e-007
0.328 7.1451e-007
0.329 9.5123e-007
0.33 1.2629e-006
0.331 1.6721e-006
0.332 2.2079e-006
0.333 2.9075e-006
0.334 3.8185e-006
0.335 5.0014e-006
0.336 6.5332e-006
0.337 8.5115e-006
0.338 1.1059e-005
0.339 1.4332e-005
0.34 1.8524e-005
0.341 2.3879e-005
0.342 3.0702e-005
0.343 3.9372e-005
0.344 5.0359e-005
0.345 6.4245e-005
0.346 8.1749e-005
0.347 0.00010376
0.348 0.00013135
0.349 0.00016586
0.35 0.0002089
0.351 0.00026244
0.352 0.00032888
0.353 0.00041109
0.354 0.00051258
0.355 0.00063751
0.356 0.00079093
0.357 0.00097883
0.358 0.0012084
0.359 0.0014881
0.36 0.001828
0.361 0.0022401
0.362 0.0027383
0.363 0.0033393
0.364 0.0040622
0.365 0.0049297
0.366 0.005968
0.367 0.0072076
0.368 0.0086839
0.369 0.010437
0.37 0.012515
0.371 0.014971
0.372 0.017866
0.373 0.02127
0.374 0.025264
0.375 0.029937
0.376 0.035391
0.377 0.04174
0.378 0.049114
0.379 0.057657
0.38 0.067528
0.381 0.078906
0.382 0.091989
0.383 0.10699
0.384 0.12416
0.385 0.14375
0.386 0.16606
0.387 0.19138
0.388 0.22007
0.389 0.25248
0.39 0.28902
0.391 0.33009
0.392 0.37615
0.393 0.42767
0.394 0.48516
0.395 0.54915
0.396 0.6202
0.397 0.69887
0.398 0.78578
0.399 0.88153
0.4 0.98676
0.401 1.1021
0.402 1.2283
0.403 1.3658
0.404 1.5154
0.405 1.6778
0.406 1.8535
0.407 2.0431
0.408 2.2472
0.409 2.4663
0.41 2.7009
0.411 2.9515
0.412 3.2183
0.413 3.5016
0.414 3.8017
0.415 4.1187
0.416 4.4525
0.417 4.8031
0.418 5.1701
0.419 5.5534
0.42 5.9523
0.421 6.3663
0.422 6.7947
0.423 7.2365
0.424 7.6907
0.425 8.1561
0.426 8.6314
0.427 9.1151
0.428 9.6057
0.429 10.101
0.43 10.6
0.431 11.101
0.432 11.6
0.433 12.097
0.434 12.588
0.435 13.073
0.436 13.547
0.437 14.01
0.438 14.458
0.439 14.89
0.44 15.302
0.441 15.694
0.442 16.062
0.443 16.405
0.444 16.72
0.445 17.007
0.446 17.262
0.447 17.486
0.448 17.676
0.449 17.831
0.45 17.95
0.451 18.034
0.452 18.08
0.453 18.09
0.454 18.062
0.455 17.998
0.456 17.897
0.457 17.76
0.458 17.589
0.459 17.383
0.46 17.145
0.461 16.876
0.462 16.577
0.463 16.25
0.464 15.897
0.465 15.52
0.466 15.122
0.467 14.703
0.468 14.267
0.469 13.817
0.47 13.353
0.471 12.878
0.472 12.395
0.473 11.906
0.474 11.414
0.475 10.919
0.476 10.425
0.477 9.9326
0.478 9.4446
0.479 8.9624
0.48 8.4875
0.481 8.0216
0.482 7.5659
0.483 7.1216
0.484 6.6899
0.485 6.2716
0.486 5.8675
0.487 5.4784
0.488 5.1048
0.489 4.747
0.49 4.4053
0.491 4.0799
0.492 3.771
0.493 3.4783
0.494 3.2019
0.495 2.9415
0.496 2.6968
0.497 2.4674
0.498 2.2529
0.499 2.053
0.5 1.8669
0.501 1.6943
0.502 1.5345
0.503 1.387
0.504 1.2511
0.505 1.1262
0.506 1.0118
0.507 0.90707
0.508 0.81156
0.509 0.72462
0.51 0.64568
0.511 0.57417
0.512 0.50953
0.513 0.45125
0.514 0.39881
0.515 0.35175
0.516 0.30961
0.517 0.27195
0.518 0.23839
0.519 0.20854
0.52 0.18205
0.521 0.1586
0.522 0.13789
0.523 0.11964
0.524 0.10358
0.525 0.089502
0.526 0.077173
0.527 0.066406
0.528 0.057022
0.529 0.048863
0.53 0.041785
0.531 0.035658
0.532 0.030366
0.533 0.025806
0.534 0.021885
0.535 0.018521
0.536 0.015641
0.537 0.013182
0.538 0.011086
0.539 0.0093034
0.54 0.0077913
0.541 0.0065113
0.542 0.0054301
0.543 0.0045189
0.544 0.0037527
0.545 0.0031098
0.546 0.0025716
0.547 0.002122
0.548 0.0017474
0.549 0.0014358
0.55 0.0011772
0.551 0.0009632
0.552 0.0007864
0.553 0.00064068
0.554 0.00052084
0.555 0.00042251
0.556 0.00034201
0.557 0.00027625
0.558 0.00022265
0.559 0.00017907
0.56 0.0001437
0.561 0.00011507
0.562 9.1944e-005
0.563 7.3306e-005
0.564 5.8318e-005
0.565 4.6294e-005
0.566 3.6668e-005
0.567 2.8981e-005
0.568 2.2854e-005
0.569 1.7983e-005
0.57 1.4119e-005
0.571 1.1061e-005
0.572 8.6461e-006
0.573 6.7434e-006
0.574 5.2477e-006
0.575 4.0747e-006
0.576 3.1568e-006
0.577 2.4402e-006
0.578 1.8821e-006
0.579 1.4483e-006
0.58 1.112e-006
0.581 8.5188e-007
0.582 6.5112e-007
0.583 4.9654e-007
0.584 3.7781e-007
0.585 2.8681e-007
0.586 2.1723e-007
0.587 1.6415e-007
0.588 1.2376e-007
0.589 9.3092e-008
0.59 6.9862e-008
0.591 5.2308e-008
0.592 3.9074e-008
0.593 2.912e-008
0.594 2.1651e-008
0.595 1.6061e-008
0.596 1.1886e-008
0.597 8.7754e-009
0.598 6.4637e-009
0.599 4.7498e-009
0.6 3.482e-009
0.601 2.5466e-009
0.602 1.858e-009
0.603 1.3524e-009
0.604 9.8203e-010
0.605 7.1137e-010
0.606 5.1407e-010
0.607 3.7059e-010
0.608 2.6651e-010
0.609 1.912e-010
0.61 1.3683e-010
0.611 9.7687e-011
0.612 6.9569e-011
0.613 4.9423e-011
0.614 3.5024e-011
0.615 2.4759e-011
0.616 1.7459e-011
0.617 1.228e-011
0.618 8.6165e-012
0.619 6.0306e-012
0.62 4.2101e-012
0.621 2.9318e-012
0.622 2.0365e-012
0.623 1.411e-012
0.624 9.7509e-013
0.625 6.7215e-013
0.626 4.6214e-013
0.627 3.1693e-013
0.628 2.1678e-013
0.629 1.479e-013
0.63 1.0064e-013
0.631 6.8305e-014
0.632 4.6237e-014
0.633 3.1217e-014
0.634 2.102e-014
0.635 1.4117e-014
0.636 9.4556e-015
0.637 6.3165e-015
0.638 4.2083e-015
0.639 2.7962e-015
0.64 1.8529e-015
0.641 1.2245e-015
0.642 8.0706e-016
0.643 5.3046e-016
0.644 3.4771e-016
0.645 2.2729e-016
0.646 1.4817e-016
0.647 9.6321e-017
0.648 6.2442e-017
0.649 4.0367e-017
0.65 2.6023e-017
0.651 1.6729e-017
0.652 1.0724e-017
0.653 6.8548e-018
0.654 4.3692e-018
0.655 2.777e-018
0.656 1.7599e-018
0.657 1.1122e-018
0.658 7.0078e-019
0.659 4.4028e-019
0.66 2.7581e-019
0.661 1.7227e-019
0.662 1.0729e-019
0.663 6.6618e-020
0.664 4.1242e-020
0.665 2.5457e-020
0.666 1.5666e-020
0.667 9.6118e-021
0.668 5.8795e-021
0.669 3.5856e-021
0.67 2.18e-021
0.671 1.3213e-021
0.672 7.9842e-022
0.673 4.8096e-022
0.674 2.8883e-022
0.675 1.7291e-022
0.676 1.0319e-022
0.677 6.1385e-023
0.678 3.6402e-023
0.679 2.1519e-023
0.68 1.268e-023
0.681 7.4475e-024
0.682 4.3603e-024
0.683 2.5445e-024
0.684 1.4801e-024
0.685 8.5809e-025
0.686 4.9586e-025
0.687 2.8559e-025
0.688 1.6394e-025
0.689 9.3794e-026
0.69 5.3482e-026
0.691 3.0393e-026
0.692 1.7213e-026
0.693 9.7158e-027
0.694 5.4652e-027
0.695 3.0636e-027
0.696 1.7114e-027
0.697 9.527e-028
0.698 5.285e-028
0.699 2.9215e-028
0.7 1.6093e-028
0.701 8.8329e-029
0.702 4.8309e-029
0.703 2.6326e-029
0.704 1.4295e-029
0.705 7.7337e-030
0.706 4.1688e-030
0.707 2.2389e-030
0.708 1.198e-030
0.709 6.3863e-031
0.71 3.3918e-031
0.711 1.7946e-031
0.712 9.4597e-032
0.713 4.9674e-032
0.714 2.5984e-032
0.715 1.354e-032
0.716 7.0285e-033
0.717 3.6341e-033
0.718 1.8717e-033
0.719 9.6022e-034
0.72 4.9065e-034
0.721 2.4972e-034
0.722 1.2658e-034
0.723 6.3907e-035
0.724 3.2134e-035
0.725 1.6092e-035
0.726 8.025e-036
0.727 3.9856e-036
0.728 1.9712e-036
0.729 9.7087e-037
0.73 4.7616e-037
0.731 2.3254e-037
0.732 1.1308e-037
0.733 5.4754e-038
0.734 2.6397e-038
0.735 1.2671e-038
0.736 6.0556e-039
0.737 2.8813e-039
0.738 1.3649e-039
0.739 6.4365e-040
0.74 3.0217e-040
0.741 1.4122e-040
0.742 6.5697e-041
0.743 3.0423e-041
0.744 1.4023e-041
0.745 6.434e-042
0.746 2.9381e-042
0.747 1.3354e-042
0.748 6.0407e-043
0.749 2.7194e-043
0.75 1.2184e-043
0.751 5.4321e-044
0.752 2.4101e-044
0.753 1.0641e-044
0.754 4.6745e-045
0.755 2.0433e-045
0.756 8.8869e-046
0.757 3.8456e-046
0.758 1.6556e-046
0.759 7.0911e-047
0.76 3.0215e-047
0.761 1.2807e-047
0.762 5.4001e-048
0.763 2.2649e-048
0.764 9.4488e-049
0.765 3.9207e-049
0.766 1.6181e-049
0.767 6.6412e-050
0.768 2.7109e-050
0.769 1.1004e-050
0.77 4.4419e-051
0.771 1.7829e-051
0.772 7.116e-052
0.773 2.8238e-052
0.774 1.1141e-052
0.775 4.3702e-053
0.776 1.7042e-053
0.777 6.6062e-054
0.778 2.5457e-054
0.779 9.7507e-055
0.78 3.7122e-055
0.781 1.4047e-055
0.782 5.2823e-056
0.783 1.9741e-056
0.784 7.3317e-057
0.785 2.7057e-057
0.786 9.9216e-058
0.787 3.6148e-058
0.788 1.3085e-058
0.789 4.7054e-059
0.79 1.681e-059
0.791 5.9652e-060
0.792 2.1026e-060
0.793 7.3613e-061
0.794 2.5596e-061
0.795 8.8385e-062
0.796 3.0308e-062
0.797 1.032e-062
0.798 3.4891e-063
0.799 1.1712e-063
0.8 3.903e-064
0.801 1.2912e-064
0.802 4.2403e-065
0.803 1.3821e-065
0.804 4.4714e-066
0.805 1.4356e-066
0.806 4.5741e-067
0.807 1.4461e-067
0.808 4.5365e-068
0.809 1.4119e-068
0.81 4.3594e-069
0.811 1.3352e-069
0.812 4.0564e-070
0.813 1.2222e-070
0.814 3.6524e-071
0.815 1.0823e-071
0.816 3.1802e-072
0.817 9.265e-073
0.818 2.6759e-073
0.819 7.6614e-074
0.82 2.1743e-074
0.821 6.1156e-075
0.822 1.7047e-075
0.823 4.7087e-076
0.824 1.2887e-076
0.825 3.4942e-077
0.826 9.3858e-078
0.827 2.4972e-078
0.828 6.5804e-079
0.829 1.7172e-079
0.83 4.4374e-080
0.831 1.1353e-080
0.832 2.8755e-081
0.833 7.2094e-082
0.834 1.789e-082
0.835 4.3933e-083
0.836 1.0676e-083
0.837 2.5667e-084
0.838 6.1047e-085
0.839 1.4362e-085
0.84 3.3416e-086
0.841 7.6886e-087
0.842 1.7491e-087
0.843 3.9338e-088
0.844 8.7452e-089
0.845 1.9214e-089
0.846 4.1717e-090
0.847 8.9489e-091
0.848 1.8964e-091
0.849 3.9694e-092
0.85 8.2052e-093
0.851 1.6747e-093
0.852 3.3747e-094
0.853 6.7122e-095
0.854 1.3176e-095
0.855 2.552e-096
0.856 4.8765e-097
0.857 9.1913e-098
0.858 1.7085e-098
0.859 3.1312e-099
0.86 5.6572e-100
0.861 1.0074e-100
0.862 1.7678e-101
0.863 3.0561e-102
0.864 5.2041e-103
0.865 8.7269e-104
0.866 1.4408e-104
0.867 2.3416e-105
0.868 3.745e-106
0.869 5.893e-107
0.87 9.1211e-108
0.871 1.3883e-108
0.872 2.0774e-109
0.873 3.0555e-110
0.874 4.4158e-111
0.875 6.2691e-112
0.876 8.7406e-113
0.877 1.1965e-113
0.878 1.6075e-114
0.879 2.1191e-115
0.88 2.7401e-116
0.881 3.4744e-117
0.882 4.3186e-118
0.883 5.2602e-119
0.884 6.2764e-120
0.885 7.3336e-121
0.886 8.3883e-122
0.887 9.3887e-123
0.888 1.0279e-123
0.889 1.1004e-124
0.89 1.1514e-125
0.891 1.1771e-126
0.892 1.1751e-127
0.893 1.1452e-128
0.894 1.089e-129
0.895 1.0099e-130
0.896 9.1302e-132
0.897 8.0423e-133
0.898 6.8988e-134
0.899 5.7602e-135
0.9 4.6789e-136
0.901 3.6953e-137
0.902 2.8361e-138
0.903 2.1139e-139
0.904 1.5294e-140
0.905 1.0733e-141
0.906 7.3012e-143
0.907 4.8118e-144
0.908 3.0699e-145
0.909 1.8948e-146
0.91 1.1306e-147
0.911 6.5165e-149
0.912 3.6255e-150
0.913 1.9454e-151
0.914 1.0059e-152
0.915 5.0082e-154
0.916 2.3987e-155
0.917 1.1041e-156
0.918 4.8802e-158
0.919 2.069e-159
0.92 8.4059e-161
0.921 3.269e-162
0.922 1.2156e-163
0.923 4.317e-165
0.924 1.4625e-166
0.925 4.7206e-168
0.926 1.4498e-169
0.927 4.2312e-171
0.928 1.1718e-172
0.929 3.0747e-174
0.93 7.6331e-176
0.931 1.79e-177
0.932 3.9583e-179
0.933 8.2403e-181
0.934 1.612e-182
0.935 2.9577e-184
0.936 5.0798e-186
0.937 8.1498e-188
0.938 1.2187e-189
0.939 1.6949e-191
0.94 2.1869e-193
0.941 2.6112e-195
0.942 2.8778e-197
0.943 2.9192e-199
0.944 2.7177e-201
0.945 2.3148e-203
0.946 1.798e-205
0.947 1.2693e-207
0.948 8.1136e-210
0.949 4.6785e-212
0.95 2.4236e-214
0.951 1.123e-216
0.952 4.6337e-219
0.953 1.6941e-221
0.954 5.4597e-224
0.955 1.5425e-226
0.956 3.7978e-229
0.957 8.0974e-232
0.958 1.485e-234
0.959 2.3257e-237
0.96 3.0862e-240
0.961 3.4412e-243
0.962 3.195e-246
0.963 2.4462e-249
0.964 1.5282e-252
0.965 7.7013e-256
0.966 3.092e-259
0.967 9.7573e-263
0.968 2.3845e-266
0.969 4.44e-270
0.97 6.1884e-274
0.971 6.3304e-278
0.972 4.6509e-282
0.973 2.3958e-286
0.974 8.424e-291
0.975 1.9622e-295
0.976 2.9279e-300
0.977 2.6944e-305
0.978 1.4649e-310
0.979 4.4807e-316
0.98 7.3122e-322
0.981 0
0.982 0
0.983 0
0.984 0
0.985 0
0.986 0
0.987 0
0.988 0
0.989 0
0.99 0
0.991 0
0.992 0
0.993 0
0.994 0
0.995 0
0.996 0
0.997 0
0.998 0
0.999 0
1 0
