0.99865 1
0.99862 1
0.9986 1
0.99857 1
0.99854 1
0.99851 1
0.99848 1
0.99845 1
0.99842 1
0.99839 1
0.99836 1
0.99833 1
0.99829 1
0.99826 1
0.99823 1
0.99819 1
0.99816 1
0.99812 1
0.99809 1
0.99805 1
0.99801 1
0.99797 1
0.99793 1
0.99789 1
0.99785 1
0.99781 1
0.99777 1
0.99773 1
0.99769 1
0.99764 1
0.9976 1
0.99755 1
0.99751 1
0.99746 1
0.99741 1
0.99736 1
0.99731 1
0.99726 1
0.99721 1
0.99716 1
0.99711 1
0.99705 1
0.997 1
0.99694 1
0.99689 1
0.99683 1
0.99677 1
0.99671 1
0.99665 1
0.99659 1
0.99653 1
0.99647 1
0.9964 1
0.99634 1
0.99627 1
0.9962 1
0.99614 1
0.99607 1
0.996 1
0.99592 1
0.99585 1
0.99578 1
0.9957 1
0.99562 1
0.99555 1
0.99547 1
0.99539 1
0.99531 1
0.99522 1
0.99514 1
0.99505 1
0.99497 1
0.99488 1
0.99479 1
0.9947 1
0.99461 1
0.99451 1
0.99442 1
0.99432 1
0.99422 1
0.99412 1
0.99402 1
0.99392 1
0.99382 1
0.99371 1
0.9936 1
0.99349 1
0.99338 1
0.99327 1
0.99316 1
0.99304 1
0.99293 1
0.99281 1
0.99269 1
0.99256 1
0.99244 1
0.99231 1
0.99218 1
0.99205 1
0.99192 1
0.99179 1
0.99165 1
0.99152 1
0.99138 1
0.99123 1
0.99109 1
0.99095 1
0.9908 1
0.99065 1
0.9905 1
0.99034 1
0.99018 1
0.99003 1
0.98987 1
0.9897 1
0.98954 1
0.98937 1
0.9892 1
0.98903 1
0.98885 1
0.98867 1
0.9885 1
0.98831 1
0.98813 1
0.98794 1
0.98775 1
0.98756 1
0.98736 1
0.98717 1
0.98697 1
0.98676 1
0.98656 1
0.98635 1
0.98614 1
0.98593 1
0.98571 1
0.98549 1
0.98527 1
0.98504 1
0.98481 1
0.98458 1
0.98435 1
0.98411 1
0.98387 1
0.98363 1
0.98338 1
0.98313 1
0.98288 1
0.98262 1
0.98236 1
0.9821 1
0.98183 1
0.98156 1
0.98129 1
0.98101 1
0.98073 1
0.98045 1
0.98016 1
0.97987 1
0.97957 1
0.97928 1
0.97898 1
0.97867 1
0.97836 1
0.97805 1
0.97773 1
0.97741 1
0.97709 1
0.97676 1
0.97643 1
0.97609 1
0.97575 1
0.97541 1
0.97506 1
0.97471 1
0.97435 1
0.97399 1
0.97362 1
0.97325 1
0.97288 1
0.9725 1
0.97212 1
0.97173 1
0.97134 1
0.97095 1
0.97055 1
0.97014 1
0.96973 1
0.96932 1
0.9689 1
0.96848 1
0.96805 1
0.96762 1
0.96718 1
0.96673 1
0.96629 1
0.96583 1
0.96538 1
0.96491 1
0.96445 1
0.96397 1
0.9635 1
0.96301 1
0.96253 1
0.96203 1
0.96153 1
0.96103 1
0.96052 1
0.96001 1
0.95949 1
0.95896 1
0.95843 1
0.95789 1
0.95735 1
0.9568 1
0.95625 1
0.95569 1
0.95512 1
0.95455 1
0.95398 1
0.95339 1
0.9528 1
0.95221 1
0.95161 1
0.951 1
0.95039 1
0.94977 1
0.94915 1
0.94852 1
0.94788 1
0.94724 1
0.94659 1
0.94593 1
0.94527 1
0.9446 1
0.94392 1
0.94324 1
0.94255 1
0.94186 1
0.94116 1
0.94045 1
0.93973 1
0.93901 1
0.93829 1
0.93755 1
0.93681 1
0.93606 1
0.93531 1
0.93454 1
0.93377 1
0.933 1
0.93221 1
0.93142 1
0.93063 1
0.92982 1
0.92901 1
0.92819 1
0.92737 1
0.92653 1
0.92569 1
0.92485 1
0.92399 1
0.92313 1
0.92226 1
0.92138 0.99999
0.92049 0.99999
0.9196 0.99999
0.9187 0.99999
0.91779 0.99999
0.91688 0.99999
0.91596 0.99999
0.91503 0.99999
0.91409 0.99999
0.91314 0.99999
0.91219 0.99999
0.91123 0.99999
0.91026 0.99999
0.90928 0.99999
0.9083 0.99999
0.9073 0.99999
0.9063 0.99999
0.90529 0.99999
0.90428 0.99999
0.90325 0.99999
0.90222 0.99999
0.90118 0.99999
0.90013 0.99999
0.89907 0.99999
0.89801 0.99999
0.89693 0.99999
0.89585 0.99999
0.89476 0.99999
0.89366 0.99999
0.89256 0.99999
0.89144 0.99999
0.89032 0.99999
0.88919 0.99999
0.88805 0.99999
0.8869 0.99999
0.88574 0.99999
0.88458 0.99999
0.88341 0.99999
0.88223 0.99999
0.88104 0.99999
0.87984 0.99999
0.87863 0.99998
0.87742 0.99998
0.87619 0.99998
0.87496 0.99998
0.87372 0.99998
0.87247 0.99998
0.87121 0.99998
0.86994 0.99998
0.86867 0.99998
0.86738 0.99998
0.86609 0.99998
0.86479 0.99998
0.86348 0.99998
0.86216 0.99998
0.86084 0.99998
0.8595 0.99998
0.85816 0.99998
0.8568 0.99998
0.85544 0.99998
0.85407 0.99997
0.85269 0.99997
0.8513 0.99997
0.84991 0.99997
0.8485 0.99997
0.84709 0.99997
0.84567 0.99997
0.84423 0.99997
0.84279 0.99997
0.84134 0.99997
0.83989 0.99997
0.83842 0.99997
0.83695 0.99997
0.83546 0.99996
0.83397 0.99996
0.83247 0.99996
0.83096 0.99996
0.82944 0.99996
0.82791 0.99996
0.82638 0.99996
0.82483 0.99996
0.82328 0.99996
0.82172 0.99996
0.82014 0.99995
0.81856 0.99995
0.81698 0.99995
0.81538 0.99995
0.81377 0.99995
0.81216 0.99995
0.81054 0.99995
0.80891 0.99995
0.80727 0.99995
0.80562 0.99994
0.80396 0.99994
0.8023 0.99994
0.80062 0.99994
0.79894 0.99994
0.79725 0.99994
0.79555 0.99993
0.79384 0.99993
0.79212 0.99993
0.7904 0.99993
0.78867 0.99993
0.78692 0.99993
0.78517 0.99992
0.78342 0.99992
0.78165 0.99992
0.77988 0.99992
0.77809 0.99992
0.7763 0.99991
0.7745 0.99991
0.77269 0.99991
0.77088 0.99991
0.76905 0.99991
0.76722 0.9999
0.76538 0.9999
0.76353 0.9999
0.76168 0.9999
0.75981 0.99989
0.75794 0.99989
0.75606 0.99989
0.75418 0.99989
0.75228 0.99988
0.75038 0.99988
0.74847 0.99988
0.74655 0.99988
0.74462 0.99987
0.74269 0.99987
0.74075 0.99987
0.7388 0.99986
0.73684 0.99986
0.73488 0.99986
0.7329 0.99985
0.73093 0.99985
0.72894 0.99985
0.72695 0.99984
0.72495 0.99984
0.72294 0.99984
0.72092 0.99983
0.7189 0.99983
0.71687 0.99982
0.71484 0.99982
0.71279 0.99982
0.71074 0.99981
0.70869 0.99981
0.70662 0.9998
0.70455 0.9998
0.70247 0.99979
0.70039 0.99979
0.6983 0.99978
0.6962 0.99978
0.6941 0.99977
0.69199 0.99977
0.68987 0.99976
0.68775 0.99976
0.68562 0.99975
0.68349 0.99975
0.68135 0.99974
0.6792 0.99974
0.67705 0.99973
0.67489 0.99972
0.67272 0.99972
0.67055 0.99971
0.66838 0.9997
0.66619 0.9997
0.66401 0.99969
0.66181 0.99968
0.65961 0.99968
0.65741 0.99967
0.6552 0.99966
0.65299 0.99965
0.65077 0.99965
0.64854 0.99964
0.64631 0.99963
0.64407 0.99962
0.64183 0.99962
0.63959 0.99961
0.63734 0.9996
0.63508 0.99959
0.63282 0.99958
0.63056 0.99957
0.62829 0.99956
0.62602 0.99955
0.62374 0.99954
0.62146 0.99953
0.61917 0.99952
0.61688 0.99951
0.61459 0.9995
0.61229 0.99949
0.60998 0.99948
0.60768 0.99947
0.60537 0.99946
0.60305 0.99945
0.60074 0.99943
0.59842 0.99942
0.59609 0.99941
0.59376 0.9994
0.59143 0.99938
0.5891 0.99937
0.58676 0.99936
0.58442 0.99934
0.58208 0.99933
0.57973 0.99932
0.57738 0.9993
0.57503 0.99929
0.57267 0.99927
0.57032 0.99926
0.56796 0.99924
0.56559 0.99923
0.56323 0.99921
0.56086 0.99919
0.55849 0.99918
0.55612 0.99916
0.55375 0.99914
0.55137 0.99912
0.549 0.99911
0.54662 0.99909
0.54424 0.99907
0.54185 0.99905
0.53947 0.99903
0.53709 0.99901
0.5347 0.99899
0.53231 0.99897
0.52992 0.99895
0.52753 0.99893
0.52514 0.9989
0.52275 0.99888
0.52036 0.99886
0.51796 0.99884
0.51557 0.99881
0.51318 0.99879
0.51078 0.99877
0.50839 0.99874
0.50599 0.99872
0.50359 0.99869
0.5012 0.99866
0.4988 0.99864
0.49641 0.99861
0.49401 0.99858
0.49161 0.99855
0.48922 0.99853
0.48682 0.9985
0.48443 0.99847
0.48204 0.99844
0.47964 0.99841
0.47725 0.99837
0.47486 0.99834
0.47247 0.99831
0.47008 0.99828
0.46769 0.99824
0.4653 0.99821
0.46291 0.99817
0.46053 0.99814
0.45815 0.9981
0.45576 0.99807
0.45338 0.99803
0.451 0.99799
0.44863 0.99795
0.44625 0.99791
0.44388 0.99787
0.44151 0.99783
0.43914 0.99779
0.43677 0.99775
0.43441 0.99771
0.43204 0.99766
0.42968 0.99762
0.42733 0.99757
0.42497 0.99753
0.42262 0.99748
0.42027 0.99744
0.41792 0.99739
0.41558 0.99734
0.41324 0.99729
0.4109 0.99724
0.40857 0.99719
0.40624 0.99713
0.40391 0.99708
0.40158 0.99703
0.39926 0.99697
0.39695 0.99692
0.39463 0.99686
0.39232 0.9968
0.39002 0.99674
0.38771 0.99668
0.38541 0.99662
0.38312 0.99656
0.38083 0.9965
0.37854 0.99643
0.37626 0.99637
0.37398 0.9963
0.37171 0.99624
0.36944 0.99617
0.36718 0.9961
0.36492 0.99603
0.36266 0.99596
0.36041 0.99589
0.35817 0.99581
0.35593 0.99574
0.35369 0.99566
0.35146 0.99559
0.34923 0.99551
0.34701 0.99543
0.3448 0.99535
0.34259 0.99526
0.34039 0.99518
0.33819 0.9951
0.33599 0.99501
0.33381 0.99492
0.33162 0.99483
0.32945 0.99474
0.32728 0.99465
0.32511 0.99456
0.32295 0.99447
0.3208 0.99437
0.31865 0.99427
0.31651 0.99417
0.31438 0.99407
0.31225 0.99397
0.31013 0.99387
0.30801 0.99376
0.3059 0.99366
0.3038 0.99355
0.3017 0.99344
0.29961 0.99333
0.29753 0.99322
0.29545 0.9931
0.29338 0.99298
0.29131 0.99287
0.28926 0.99275
0.28721 0.99262
0.28516 0.9925
0.28313 0.99238
0.2811 0.99225
0.27908 0.99212
0.27706 0.99199
0.27505 0.99186
0.27305 0.99172
0.27106 0.99158
0.26907 0.99145
0.2671 0.99131
0.26512 0.99116
0.26316 0.99102
0.2612 0.99087
0.25925 0.99072
0.25731 0.99057
0.25538 0.99042
0.25345 0.99026
0.25153 0.99011
0.24962 0.98995
0.24772 0.98978
0.24582 0.98962
0.24394 0.98945
0.24206 0.98928
0.24019 0.98911
0.23832 0.98894
0.23647 0.98876
0.23462 0.98859
0.23278 0.9884
0.23095 0.98822
0.22912 0.98804
0.22731 0.98785
0.2255 0.98766
0.2237 0.98746
0.22191 0.98727
0.22012 0.98707
0.21835 0.98687
0.21658 0.98666
0.21483 0.98645
0.21308 0.98625
0.21133 0.98603
0.2096 0.98582
0.20788 0.9856
0.20616 0.98538
0.20445 0.98515
0.20275 0.98493
0.20106 0.9847
0.19938 0.98446
0.1977 0.98423
0.19604 0.98399
0.19438 0.98375
0.19273 0.9835
0.19109 0.98325
0.18946 0.983
0.18784 0.98275
0.18623 0.98249
0.18462 0.98223
0.18302 0.98196
0.18144 0.9817
0.17986 0.98142
0.17828 0.98115
0.17672 0.98087
0.17517 0.98059
0.17362 0.9803
0.17209 0.98001
0.17056 0.97972
0.16904 0.97943
0.16753 0.97913
0.16603 0.97882
0.16454 0.97852
0.16305 0.97821
0.16158 0.97789
0.16011 0.97757
0.15866 0.97725
0.15721 0.97692
0.15577 0.97659
0.15433 0.97626
0.15291 0.97592
0.1515 0.97558
0.15009 0.97523
0.1487 0.97488
0.14731 0.97453
0.14593 0.97417
0.14456 0.97381
0.1432 0.97344
0.14184 0.97307
0.1405 0.97269
0.13916 0.97231
0.13784 0.97193
0.13652 0.97154
0.13521 0.97115
0.13391 0.97075
0.13262 0.97034
0.13133 0.96994
0.13006 0.96953
0.12879 0.96911
0.12753 0.96869
0.12628 0.96826
0.12504 0.96783
0.12381 0.9674
0.12258 0.96696
0.12137 0.96651
0.12016 0.96606
0.11896 0.96561
0.11777 0.96515
0.11659 0.96468
0.11542 0.96421
0.11426 0.96374
0.1131 0.96326
0.11195 0.96277
0.11081 0.96228
0.10968 0.96178
0.10856 0.96128
0.10744 0.96078
0.10634 0.96026
0.10524 0.95975
0.10415 0.95922
0.10307 0.95869
0.10199 0.95816
0.10093 0.95762
0.099872 0.95708
0.098823 0.95653
0.097782 0.95597
0.096749 0.95541
0.095724 0.95484
0.094707 0.95426
0.093699 0.95368
0.092698 0.9531
0.091705 0.95251
0.09072 0.95191
0.089743 0.95131
0.088773 0.9507
0.087812 0.95008
0.086858 0.94946
0.085912 0.94883
0.084974 0.9482
0.084043 0.94756
0.08312 0.94691
0.082205 0.94626
0.081298 0.9456
0.080398 0.94493
0.079505 0.94426
0.07862 0.94358
0.077743 0.9429
0.076873 0.94221
0.07601 0.94151
0.075155 0.9408
0.074307 0.94009
0.073466 0.93938
0.072633 0.93865
0.071807 0.93792
0.070989 0.93718
0.070177 0.93644
0.069373 0.93568
0.068575 0.93493
0.067785 0.93416
0.067002 0.93339
0.066226 0.93261
0.065457 0.93182
0.064694 0.93103
0.063939 0.93023
0.063191 0.92942
0.062449 0.9286
0.061714 0.92778
0.060986 0.92695
0.060265 0.92611
0.05955 0.92527
0.058843 0.92442
0.058141 0.92356
0.057446 0.92269
0.056758 0.92182
0.056077 0.92094
0.055401 0.92005
0.054733 0.91915
0.05407 0.91825
0.053414 0.91734
0.052765 0.91642
0.052121 0.91549
0.051484 0.91456
0.050853 0.91362
0.050228 0.91267
0.04961 0.91171
0.048997 0.91074
0.048391 0.90977
0.04779 0.90879
0.047196 0.9078
0.046607 0.9068
0.046025 0.9058
0.045448 0.90479
0.044877 0.90376
0.044312 0.90274
0.043752 0.9017
0.043199 0.90065
0.042651 0.8996
0.042108 0.89854
0.041572 0.89747
0.04104 0.89639
0.040515 0.89531
0.039994 0.89421
0.03948 0.89311
0.03897 0.892
0.038466 0.89088
0.037968 0.88975
0.037474 0.88862
0.036986 0.88748
0.036503 0.88632
0.036025 0.88516
0.035553 0.88399
0.035085 0.88282
0.034623 0.88163
0.034165 0.88044
0.033713 0.87924
0.033265 0.87802
0.032822 0.8768
0.032385 0.87558
0.031952 0.87434
0.031524 0.87309
0.0311 0.87184
0.030681 0.87058
0.030267 0.86931
0.029858 0.86803
0.029453 0.86674
0.029053 0.86544
0.028657 0.86414
0.028266 0.86282
0.02788 0.8615
0.027497 0.86017
0.027119 0.85883
0.026746 0.85748
0.026377 0.85612
0.026012 0.85476
0.025651 0.85338
0.025294 0.852
0.024942 0.85061
0.024594 0.84921
0.024249 0.8478
0.023909 0.84638
0.023573 0.84495
0.023241 0.84351
0.022913 0.84207
0.022588 0.84062
0.022268 0.83916
0.021952 0.83768
0.021639 0.8362
0.02133 0.83472
0.021025 0.83322
0.020723 0.83171
0.020425 0.8302
0.020131 0.82868
0.01984 0.82714
0.019553 0.8256
0.01927 0.82406
0.01899 0.8225
0.018713 0.82093
0.01844 0.81936
0.01817 0.81777
0.017904 0.81618
0.017641 0.81458
0.017381 0.81297
0.017125 0.81135
0.016872 0.80972
0.016622 0.80809
0.016375 0.80644
0.016131 0.80479
0.015891 0.80313
0.015653 0.80146
0.015419 0.79978
0.015188 0.79809
0.014959 0.7964
0.014734 0.7947
0.014511 0.79298
0.014292 0.79126
0.014075 0.78953
0.013861 0.7878
0.01365 0.78605
0.013441 0.7843
0.013236 0.78253
0.013033 0.78076
0.012833 0.77898
0.012635 0.7772
0.012441 0.7754
0.012248 0.7736
0.012059 0.77179
0.011872 0.76997
0.011687 0.76814
0.011505 0.7663
0.011325 0.76446
0.011148 0.76261
0.010973 0.76075
0.010801 0.75888
0.010631 0.757
0.010463 0.75512
0.010298 0.75323
0.010135 0.75133
0.0099739 0.74942
0.0098153 0.74751
0.0096589 0.74559
0.0095047 0.74365
0.0093527 0.74172
0.0092028 0.73977
0.009055 0.73782
0.0089092 0.73586
0.0087656 0.73389
0.0086239 0.73192
0.0084843 0.72993
0.0083467 0.72794
0.008211 0.72595
0.0080773 0.72394
0.0079455 0.72193
0.0078155 0.71991
0.0076875 0.71789
0.0075613 0.71585
0.0074369 0.71382
0.0073144 0.71177
0.0071936 0.70972
0.0070746 0.70765
0.0069573 0.70559
0.0068418 0.70351
0.0067279 0.70143
0.0066157 0.69935
0.0065052 0.69725
0.0063963 0.69515
0.0062891 0.69305
0.0061834 0.69093
0.0060793 0.68881
0.0059768 0.68669
0.0058758 0.68456
0.0057763 0.68242
0.0056783 0.68028
0.0055818 0.67813
0.0054867 0.67597
0.0053931 0.67381
0.0053009 0.67164
0.0052101 0.66947
0.0051207 0.66729
0.0050327 0.6651
0.004946 0.66291
0.0048607 0.66071
0.0047767 0.65851
0.0046939 0.65631
0.0046125 0.65409
0.0045323 0.65188
0.0044533 0.64965
0.0043756 0.64743
0.0042991 0.64519
0.0042238 0.64295
0.0041497 0.64071
0.0040768 0.63846
0.004005 0.63621
0.0039343 0.63395
0.0038647 0.63169
0.0037963 0.62942
0.0037289 0.62715
0.0036627 0.62488
0.0035974 0.6226
0.0035333 0.62031
0.0034701 0.61803
0.003408 0.61573
0.0033468 0.61344
0.0032867 0.61114
0.0032275 0.60883
0.0031693 0.60652
0.003112 0.60421
0.0030557 0.6019
0.0030003 0.59958
0.0029458 0.59725
0.0028922 0.59493
0.0028395 0.5926
0.0027876 0.59027
0.0027366 0.58793
0.0026864 0.58559
0.0026371 0.58325
0.0025886 0.5809
0.0025409 0.57856
0.002494 0.5762
0.0024479 0.57385
0.0024025 0.57149
0.0023579 0.56914
0.0023141 0.56677
0.002271 0.56441
0.0022286 0.56205
0.002187 0.55968
0.002146 0.55731
0.0021058 0.55493
0.0020662 0.55256
0.0020274 0.55018
0.0019891 0.54781
0.0019516 0.54543
0.0019146 0.54305
0.0018784 0.54066
0.0018427 0.53828
0.0018077 0.53589
0.0017732 0.53351
0.0017394 0.53112
0.0017061 0.52873
0.0016735 0.52634
0.0016414 0.52395
0.0016098 0.52155
0.0015789 0.51916
0.0015484 0.51677
0.0015185 0.51437
0.0014891 0.51198
0.0014603 0.50958
0.0014319 0.50719
0.0014041 0.50479
0.0013768 0.5024
0.0013499 0.5
