0 0
0.001 0
0.002 0
0.003 0
0.004 0
0.005 0
0.006 0
0.007 0
0.008 0
0.009 0
0.01 0
0.011 0
0.012 0
0.013 0
0.014 0
0.015 0
0.016 0
0.017 0
0.018 0
0.019 0
0.02 0
0.021 0
0.022 0
0.023 0
0.024 0
0.025 0
0.026 0
0.027 0
0.028 0
0.029 0
0.03 0
0.031 0
0.032 0
0.033 0
0.034 0
0.035 0
0.036 0
0.037 0
0.038 0
0.039 0
0.04 0
0.041 0
0.042 0
0.043 0
0.044 0
0.045 0
0.046 0
0.047 0
0.048 0
0.049 0
0.05 0
0.051 0
0.052 0
0.053 0
0.054 0
0.055 0
0.056 0
0.057 0
0.058 0
0.059 0
0.06 0
0.061 0
0.062 0
0.063 0
0.064 0
0.065 0
0.066 0
0.067 0
0.068 0
0.069 0
0.07 0
0.071 0
0.072 1.9763e-323
0.073 1.8364e-320
0.074 1.5648e-317
0.075 1.2091e-314
0.076 8.4934e-312
0.077 5.4372e-309
0.078 3.1797e-306
0.079 1.7026e-303
0.08 8.3658e-301
0.081 3.78e-298
0.082 1.5738e-295
0.083 6.0497e-293
0.084 2.1512e-290
0.085 7.0887e-288
0.086 2.1686e-285
0.087 6.1694e-283
0.088 1.6349e-280
0.089 4.0419e-278
0.09 9.3372e-276
0.091 2.0185e-273
0.092 4.0891e-271
0.093 7.774e-269
0.094 1.3888e-266
0.095 2.3345e-264
0.096 3.697e-262
0.097 5.5226e-260
0.098 7.7907e-258
0.099 1.0391e-255
0.1 1.3118e-253
0.101 1.5693e-251
0.102 1.7806e-249
0.103 1.9184e-247
0.104 1.9644e-245
0.105 1.9137e-243
0.106 1.7753e-241
0.107 1.5697e-239
0.108 1.324e-237
0.109 1.0662e-235
0.11 8.2047e-234
0.111 6.0381e-232
0.112 4.2529e-230
0.113 2.8692e-228
0.114 1.8555e-226
0.115 1.151e-224
0.116 6.854e-223
0.117 3.9205e-221
0.118 2.1556e-219
0.119 1.14e-217
0.12 5.8028e-216
0.121 2.8447e-214
0.122 1.3439e-212
0.123 6.1216e-211
0.124 2.6903e-209
0.125 1.1414e-207
0.126 4.677e-206
0.127 1.8521e-204
0.128 7.0915e-203
0.129 2.6268e-201
0.13 9.4173e-200
0.131 3.2694e-198
0.132 1.0996e-196
0.133 3.5848e-195
0.134 1.1333e-193
0.135 3.4757e-192
0.136 1.0346e-190
0.137 2.9904e-189
0.138 8.396e-188
0.139 2.2908e-186
0.14 6.0764e-185
0.141 1.5676e-183
0.142 3.9344e-182
0.143 9.6112e-181
0.144 2.286e-179
0.145 5.296e-178
0.146 1.1954e-176
0.147 2.6301e-175
0.148 5.6417e-174
0.149 1.1804e-172
0.15 2.4094e-171
0.151 4.7999e-170
0.152 9.3352e-169
0.153 1.773e-167
0.154 3.2895e-166
0.155 5.9636e-165
0.156 1.0567e-163
0.157 1.8307e-162
0.158 3.1017e-161
0.159 5.1407e-160
0.16 8.3369e-159
0.161 1.3233e-157
0.162 2.0563e-156
0.163 3.129e-155
0.164 4.6637e-154
0.165 6.8101e-153
0.166 9.745e-152
0.167 1.3669e-150
0.168 1.8796e-149
0.169 2.5347e-148
0.17 3.3525e-147
0.171 4.3503e-146
0.172 5.5393e-145
0.173 6.9227e-144
0.174 8.493e-143
0.175 1.0231e-141
0.176 1.2103e-140
0.177 1.4064e-139
0.178 1.6056e-138
0.179 1.8011e-137
0.18 1.9858e-136
0.181 2.1522e-135
0.182 2.2933e-134
0.183 2.403e-133
0.184 2.4765e-132
0.185 2.5105e-131
0.186 2.5039e-130
0.187 2.4575e-129
0.188 2.3737e-128
0.189 2.2569e-127
0.19 2.1125e-126
0.191 1.947e-125
0.192 1.7672e-124
0.193 1.5798e-123
0.194 1.3913e-122
0.195 1.2071e-121
0.196 1.032e-120
0.197 8.6953e-120
0.198 7.2211e-119
0.199 5.9116e-118
0.2 4.7713e-117
0.201 3.7973e-116
0.202 2.9803e-115
0.203 2.307e-114
0.204 1.7616e-113
0.205 1.327e-112
0.206 9.8635e-112
0.207 7.2344e-111
0.208 5.2365e-110
0.209 3.7412e-109
0.21 2.6385e-108
0.211 1.8371e-107
0.212 1.2629e-106
0.213 8.5735e-106
0.214 5.7477e-105
0.215 3.8059e-104
0.216 2.4893e-103
0.217 1.6085e-102
0.218 1.0268e-101
0.219 6.477e-101
0.22 4.0373e-100
0.221 2.4871e-099
0.222 1.5144e-098
0.223 9.1145e-098
0.224 5.4231e-097
0.225 3.1901e-096
0.226 1.8555e-095
0.227 1.0672e-094
0.228 6.0699e-094
0.229 3.4146e-093
0.23 1.8999e-092
0.231 1.0457e-091
0.232 5.6939e-091
0.233 3.0674e-090
0.234 1.635e-089
0.235 8.6236e-089
0.236 4.5011e-088
0.237 2.3252e-087
0.238 1.1888e-086
0.239 6.0165e-086
0.24 3.0142e-085
0.241 1.4949e-084
0.242 7.3407e-084
0.243 3.569e-083
0.244 1.7182e-082
0.245 8.1917e-082
0.246 3.8677e-081
0.247 1.8087e-080
0.248 8.3773e-080
0.249 3.8435e-079
0.25 1.7469e-078
0.251 7.8656e-078
0.252 3.5088e-077
0.253 1.5509e-076
0.254 6.7925e-076
0.255 2.948e-075
0.256 1.2679e-074
0.257 5.4045e-074
0.258 2.2833e-073
0.259 9.561e-073
0.26 3.9686e-072
0.261 1.6329e-071
0.262 6.661e-071
0.263 2.6938e-070
0.264 1.0801e-069
0.265 4.294e-069
0.266 1.6928e-068
0.267 6.6174e-068
0.268 2.5654e-067
0.269 9.863e-067
0.27 3.7609e-066
0.271 1.4224e-065
0.272 5.3359e-065
0.273 1.9856e-064
0.274 7.3296e-064
0.275 2.6841e-063
0.276 9.7517e-063
0.277 3.515e-062
0.278 1.2571e-061
0.279 4.461e-061
0.28 1.5708e-060
0.281 5.4889e-060
0.282 1.9033e-059
0.283 6.55e-059
0.284 2.2371e-058
0.285 7.5833e-058
0.286 2.5515e-057
0.287 8.521e-057
0.288 2.8248e-056
0.289 9.2957e-056
0.29 3.0367e-055
0.291 9.8488e-055
0.292 3.1712e-054
0.293 1.0138e-053
0.294 3.2177e-053
0.295 1.0141e-052
0.296 3.1735e-052
0.297 9.8617e-052
0.298 3.0432e-051
0.299 9.3258e-051
0.3 2.8382e-050
0.301 8.5785e-050
0.302 2.5752e-049
0.303 7.6781e-049
0.304 2.2739e-048
0.305 6.6888e-048
0.306 1.9544e-047
0.307 5.6729e-047
0.308 1.6357e-046
0.309 4.6854e-046
0.31 1.3333e-045
0.311 3.7696e-045
0.312 1.0588e-044
0.313 2.955e-044
0.314 8.1939e-044
0.315 2.2576e-043
0.316 6.1808e-043
0.317 1.6814e-042
0.318 4.5455e-042
0.319 1.2211e-041
0.32 3.2601e-041
0.321 8.6496e-041
0.322 2.2807e-040
0.323 5.977e-040
0.324 1.5568e-039
0.325 4.0301e-039
0.326 1.037e-038
0.327 2.6522e-038
0.328 6.7427e-038
0.329 1.704e-037
0.33 4.2805e-037
0.331 1.0689e-036
0.332 2.6536e-036
0.333 6.5489e-036
0.334 1.6068e-035
0.335 3.9194e-035
0.336 9.5051e-035
0.337 2.2918e-034
0.338 5.4943e-034
0.339 1.3096e-033
0.34 3.1039e-033
0.341 7.3148e-033
0.342 1.7141e-032
0.343 3.9941e-032
0.344 9.2549e-032
0.345 2.1325e-031
0.346 4.8865e-031
0.347 1.1135e-030
0.348 2.5234e-030
0.349 5.6872e-030
0.35 1.2748e-029
0.351 2.8418e-029
0.352 6.3008e-029
0.353 1.3895e-028
0.354 3.0476e-028
0.355 6.6485e-028
0.356 1.4427e-027
0.357 3.1139e-027
0.358 6.6856e-027
0.359 1.4278e-026
0.36 3.0332e-026
0.361 6.4101e-026
0.362 1.3476e-025
0.363 2.8182e-025
0.364 5.8632e-025
0.365 1.2135e-024
0.366 2.4988e-024
0.367 5.1188e-024
0.368 1.0433e-023
0.369 2.1154e-023
0.37 4.2676e-023
0.371 8.5659e-023
0.372 1.7107e-022
0.373 3.3992e-022
0.374 6.7206e-022
0.375 1.3221e-021
0.376 2.5879e-021
0.377 5.0406e-021
0.378 9.7694e-021
0.379 1.8841e-020
0.38 3.6158e-020
0.381 6.9051e-020
0.382 1.3123e-019
0.383 2.4817e-019
0.384 4.6705e-019
0.385 8.7473e-019
0.386 1.6304e-018
0.387 3.0242e-018
0.388 5.5828e-018
0.389 1.0257e-017
0.39 1.8754e-017
0.391 3.4128e-017
0.392 6.1812e-017
0.393 1.1142e-016
0.394 1.9991e-016
0.395 3.5698e-016
0.396 6.3447e-016
0.397 1.1224e-015
0.398 1.9764e-015
0.399 3.4639e-015
0.4 6.0428e-015
0.401 1.0493e-014
0.402 1.8137e-014
0.403 3.1205e-014
0.404 5.3444e-014
0.405 9.1112e-014
0.406 1.5462e-013
0.407 2.6121e-013
0.408 4.3927e-013
0.409 7.3537e-013
0.41 1.2255e-012
0.411 2.0331e-012
0.412 3.3578e-012
0.413 5.5207e-012
0.414 9.0364e-012
0.415 1.4725e-011
0.416 2.3888e-011
0.417 3.858e-011
0.418 6.2032e-011
0.419 9.9301e-011
0.42 1.5826e-010
0.421 2.5112e-010
0.422 3.967e-010
0.423 6.2395e-010
0.424 9.7708e-010
0.425 1.5234e-009
0.426 2.3648e-009
0.427 3.655e-009
0.428 5.6247e-009
0.429 8.6184e-009
0.43 1.3148e-008
0.431 1.9973e-008
0.432 3.0209e-008
0.433 4.5495e-008
0.434 6.8222e-008
0.435 1.0187e-007
0.436 1.5145e-007
0.437 2.2421e-007
0.438 3.3051e-007
0.439 4.8515e-007
0.44 7.0911e-007
0.441 1.0321e-006
0.442 1.4958e-006
0.443 2.1587e-006
0.444 3.1023e-006
0.445 4.4395e-006
0.446 6.3266e-006
0.447 8.9779e-006
0.448 1.2687e-005
0.449 1.7854e-005
0.45 2.5019e-005
0.451 3.4915e-005
0.452 4.8521e-005
0.453 6.7151e-005
0.454 9.2547e-005
0.455 0.00012702
0.456 0.00017361
0.457 0.00023631
0.458 0.00032033
0.459 0.00043243
0.46 0.00058135
0.461 0.00077835
0.462 0.0010378
0.463 0.0013781
0.464 0.0018225
0.465 0.0024003
0.466 0.0031484
0.467 0.0041127
0.468 0.0053506
0.469 0.0069326
0.47 0.0089457
0.471 0.011497
0.472 0.014715
0.473 0.018757
0.474 0.023814
0.475 0.03011
0.476 0.037918
0.477 0.047557
0.478 0.059405
0.479 0.073905
0.48 0.091573
0.481 0.11301
0.482 0.1389
0.483 0.17003
0.484 0.20731
0.485 0.25174
0.486 0.30446
0.487 0.36675
0.488 0.44001
0.489 0.52579
0.49 0.62576
0.491 0.74177
0.492 0.87575
0.493 1.0298
0.494 1.2061
0.495 1.4069
0.496 1.6346
0.497 1.8916
0.498 2.1802
0.499 2.5029
0.5 2.8617
0.501 3.259
0.502 3.6967
0.503 4.1763
0.504 4.6994
0.505 5.267
0.506 5.8795
0.507 6.537
0.508 7.2392
0.509 7.9848
0.51 8.772
0.511 9.5985
0.512 10.461
0.513 11.356
0.514 12.277
0.515 13.221
0.516 14.181
0.517 15.149
0.518 16.12
0.519 17.084
0.52 18.033
0.521 18.959
0.522 19.853
0.523 20.707
0.524 21.51
0.525 22.256
0.526 22.936
0.527 23.542
0.528 24.067
0.529 24.506
0.53 24.852
0.531 25.103
0.532 25.255
0.533 25.305
0.534 25.255
0.535 25.103
0.536 24.852
0.537 24.504
0.538 24.065
0.539 23.538
0.54 22.93
0.541 22.248
0.542 21.499
0.543 20.692
0.544 19.835
0.545 18.936
0.546 18.005
0.547 17.05
0.548 16.081
0.549 15.105
0.55 14.131
0.551 13.167
0.552 12.218
0.553 11.291
0.554 10.392
0.555 9.526
0.556 8.6964
0.557 7.9065
0.558 7.159
0.559 6.4557
0.56 5.7976
0.561 5.1852
0.562 4.6184
0.563 4.0967
0.564 3.6189
0.565 3.1837
0.566 2.7893
0.567 2.4336
0.568 2.1145
0.569 1.8296
0.57 1.5765
0.571 1.3528
0.572 1.156
0.573 0.98369
0.574 0.83358
0.575 0.70343
0.576 0.59111
0.577 0.49464
0.578 0.41217
0.579 0.34201
0.58 0.2826
0.581 0.23252
0.582 0.1905
0.583 0.15542
0.584 0.12626
0.585 0.10213
0.586 0.082265
0.587 0.06598
0.588 0.052692
0.589 0.0419
0.59 0.033175
0.591 0.026154
0.592 0.02053
0.593 0.016046
0.594 0.012487
0.595 0.0096753
0.596 0.0074642
0.597 0.0057333
0.598 0.0043846
0.599 0.0033385
0.6 0.0025308
0.601 0.0019101
0.602 0.0014353
0.603 0.0010738
0.604 0.00079977
0.605 0.00059304
0.606 0.0004378
0.607 0.00032175
0.608 0.00023541
0.609 0.00017147
0.61 0.00012434
0.611 8.9754e-005
0.612 6.4499e-005
0.613 4.614e-005
0.614 3.2858e-005
0.615 2.3293e-005
0.616 1.6437e-005
0.617 1.1546e-005
0.618 8.0737e-006
0.619 5.6196e-006
0.62 3.8935e-006
0.621 2.6851e-006
0.622 1.8432e-006
0.623 1.2594e-006
0.624 8.5652e-007
0.625 5.798e-007
0.626 3.9065e-007
0.627 2.6197e-007
0.628 1.7485e-007
0.629 1.1615e-007
0.63 7.6797e-008
0.631 5.0535e-008
0.632 3.3095e-008
0.633 2.157e-008
0.634 1.3992e-008
0.635 9.0321e-009
0.636 5.8025e-009
0.637 3.7097e-009
0.638 2.3602e-009
0.639 1.4943e-009
0.64 9.415e-010
0.641 5.9029e-010
0.642 3.6827e-010
0.643 2.2863e-010
0.644 1.4124e-010
0.645 8.6815e-011
0.646 5.3099e-011
0.647 3.2314e-011
0.648 1.9567e-011
0.649 1.1789e-011
0.65 7.0668e-012
0.651 4.2147e-012
0.652 2.5009e-012
0.653 1.4764e-012
0.654 8.6717e-013
0.655 5.0671e-013
0.656 2.9455e-013
0.657 1.7034e-013
0.658 9.7999e-014
0.659 5.6085e-014
0.66 3.193e-014
0.661 1.8083e-014
0.662 1.0187e-014
0.663 5.7082e-015
0.664 3.1817e-015
0.665 1.764e-015
0.666 9.7273e-016
0.667 5.3352e-016
0.668 2.9105e-016
0.669 1.5791e-016
0.67 8.5213e-017
0.671 4.5731e-017
0.672 2.4408e-017
0.673 1.2956e-017
0.674 6.8387e-018
0.675 3.5898e-018
0.676 1.8739e-018
0.677 9.7267e-019
0.678 5.0205e-019
0.679 2.5767e-019
0.68 1.315e-019
0.681 6.6725e-020
0.682 3.3664e-020
0.683 1.6886e-020
0.684 8.4216e-021
0.685 4.1757e-021
0.686 2.0584e-021
0.687 1.0087e-021
0.688 4.9143e-022
0.689 2.38e-022
0.69 1.1458e-022
0.691 5.4832e-023
0.692 2.6083e-023
0.693 1.2333e-023
0.694 5.796e-024
0.695 2.7074e-024
0.696 1.2569e-024
0.697 5.7997e-025
0.698 2.6596e-025
0.699 1.212e-025
0.7 5.4892e-026
0.701 2.4704e-026
0.702 1.1049e-026
0.703 4.91e-027
0.704 2.1681e-027
0.705 9.5128e-028
0.706 4.147e-028
0.707 1.7962e-028
0.708 7.7294e-029
0.709 3.3044e-029
0.71 1.4034e-029
0.711 5.9213e-030
0.712 2.4817e-030
0.713 1.0332e-030
0.714 4.2728e-031
0.715 1.7551e-031
0.716 7.1603e-032
0.717 2.9014e-032
0.718 1.1676e-032
0.719 4.6663e-033
0.72 1.852e-033
0.721 7.2994e-034
0.722 2.8568e-034
0.723 1.1102e-034
0.724 4.2838e-035
0.725 1.6412e-035
0.726 6.2425e-036
0.727 2.3574e-036
0.728 8.8375e-037
0.729 3.289e-037
0.73 1.215e-037
0.731 4.4556e-038
0.732 1.6217e-038
0.733 5.8587e-039
0.734 2.1006e-039
0.735 7.4748e-040
0.736 2.6396e-040
0.737 9.2498e-041
0.738 3.2164e-041
0.739 1.1098e-041
0.74 3.7992e-042
0.741 1.2904e-042
0.742 4.3482e-043
0.743 1.4536e-043
0.744 4.8202e-044
0.745 1.5856e-044
0.746 5.1733e-045
0.747 1.6741e-045
0.748 5.3732e-046
0.749 1.7103e-046
0.75 5.3984e-047
0.751 1.6897e-047
0.752 5.2441e-048
0.753 1.6137e-048
0.754 4.9232e-049
0.755 1.4891e-049
0.756 4.4647e-050
0.757 1.327e-050
0.758 3.9092e-051
0.759 1.1414e-051
0.76 3.3031e-052
0.761 9.4726e-053
0.762 2.6919e-053
0.763 7.5803e-054
0.764 2.1149e-054
0.765 5.8461e-055
0.766 1.6009e-055
0.767 4.3428e-056
0.768 1.1669e-056
0.769 3.1057e-057
0.77 8.1862e-058
0.771 2.1369e-058
0.772 5.5236e-059
0.773 1.4138e-059
0.774 3.5826e-060
0.775 8.9882e-061
0.776 2.2323e-061
0.777 5.4878e-062
0.778 1.3353e-062
0.779 3.2158e-063
0.78 7.6638e-064
0.781 1.8073e-064
0.782 4.2171e-065
0.783 9.7351e-066
0.784 2.2233e-066
0.785 5.0224e-067
0.786 1.1222e-067
0.787 2.4799e-068
0.788 5.4194e-069
0.789 1.1711e-069
0.79 2.5019e-070
0.791 5.2846e-071
0.792 1.1034e-071
0.793 2.2771e-072
0.794 4.6446e-073
0.795 9.3618e-074
0.796 1.8646e-074
0.797 3.6691e-075
0.798 7.1328e-076
0.799 1.3697e-076
0.8 2.5978e-077
0.801 4.8657e-078
0.802 8.9993e-079
0.803 1.6434e-079
0.804 2.9627e-080
0.805 5.2722e-081
0.806 9.26e-082
0.807 1.605e-082
0.808 2.7451e-083
0.809 4.632e-084
0.81 7.7103e-085
0.811 1.2659e-085
0.812 2.0498e-086
0.813 3.2728e-087
0.814 5.152e-088
0.815 7.9952e-089
0.816 1.2229e-089
0.817 1.8435e-090
0.818 2.7383e-091
0.819 4.0072e-092
0.82 5.7766e-093
0.821 8.2015e-094
0.822 1.1467e-094
0.823 1.5785e-095
0.824 2.1392e-096
0.825 2.8533e-097
0.826 3.7453e-098
0.827 4.8372e-099
0.828 6.1458e-100
0.829 7.6803e-101
0.83 9.4384e-102
0.831 1.1404e-102
0.832 1.3545e-103
0.833 1.5813e-104
0.834 1.8139e-105
0.835 2.0442e-106
0.836 2.2628e-107
0.837 2.4598e-108
0.838 2.6254e-109
0.839 2.7507e-110
0.84 2.8283e-111
0.841 2.8533e-112
0.842 2.8238e-113
0.843 2.7407e-114
0.844 2.6082e-115
0.845 2.4331e-116
0.846 2.2244e-117
0.847 1.9924e-118
0.848 1.7481e-119
0.849 1.502e-120
0.85 1.2634e-121
0.851 1.0401e-122
0.852 8.3782e-124
0.853 6.6017e-125
0.854 5.0869e-126
0.855 3.832e-127
0.856 2.8212e-128
0.857 2.0292e-129
0.858 1.4256e-130
0.859 9.7793e-132
0.86 6.5478e-133
0.861 4.2778e-134
0.862 2.726e-135
0.863 1.6939e-136
0.864 1.0259e-137
0.865 6.0546e-139
0.866 3.4802e-140
0.867 1.9477e-141
0.868 1.0609e-142
0.869 5.6216e-144
0.87 2.8969e-145
0.871 1.4511e-146
0.872 7.0627e-148
0.873 3.3385e-149
0.874 1.532e-150
0.875 6.8217e-152
0.876 2.9461e-153
0.877 1.2334e-154
0.878 5.0032e-156
0.879 1.9655e-157
0.88 7.4737e-159
0.881 2.7493e-160
0.882 9.7787e-162
0.883 3.3611e-163
0.884 1.1157e-164
0.885 3.575e-166
0.886 1.105e-167
0.887 3.2927e-169
0.888 9.4527e-171
0.889 2.6127e-172
0.89 6.9484e-174
0.891 1.7767e-175
0.892 4.365e-177
0.893 1.0296e-178
0.894 2.33e-180
0.895 5.0548e-182
0.896 1.0504e-183
0.897 2.0892e-185
0.898 3.9737e-187
0.899 7.2215e-189
0.9 1.2528e-190
0.901 2.0729e-192
0.902 3.2681e-194
0.903 4.9045e-196
0.904 6.9995e-198
0.905 9.4895e-200
0.906 1.2209e-201
0.907 1.4888e-203
0.908 1.7191e-205
0.909 1.8772e-207
0.91 1.9362e-209
0.911 1.8839e-211
0.912 1.727e-213
0.913 1.4895e-215
0.914 1.2071e-217
0.915 9.1772e-220
0.916 6.5364e-222
0.917 4.3546e-224
0.918 2.7092e-226
0.919 1.5714e-228
0.92 8.4833e-231
0.921 4.2546e-233
0.922 1.9787e-235
0.923 8.5173e-238
0.924 3.3864e-240
0.925 1.241e-242
0.926 4.1831e-245
0.927 1.2939e-247
0.928 3.6642e-250
0.929 9.4766e-253
0.93 2.2327e-255
0.931 4.779e-258
0.932 9.2677e-261
0.933 1.6236e-263
0.934 2.5617e-266
0.935 3.6287e-269
0.936 4.5994e-272
0.937 5.1984e-275
0.938 5.2199e-278
0.939 4.639e-281
0.94 3.6342e-284
0.941 2.4991e-287
0.942 1.5019e-290
0.943 7.8509e-294
0.944 3.5523e-297
0.945 1.3841e-300
0.946 4.6184e-304
0.947 1.3122e-307
0.948 3.1552e-311
0.949 6.3796e-315
0.95 1.0772e-318
0.951 1.5316e-322
0.952 0
0.953 0
0.954 0
0.955 0
0.956 0
0.957 0
0.958 0
0.959 0
0.96 0
0.961 0
0.962 0
0.963 0
0.964 0
0.965 0
0.966 0
0.967 0
0.968 0
0.969 0
0.97 0
0.971 0
0.972 0
0.973 0
0.974 0
0.975 0
0.976 0
0.977 0
0.978 0
0.979 0
0.98 0
0.981 0
0.982 0
0.983 0
0.984 0
0.985 0
0.986 0
0.987 0
0.988 0
0.989 0
0.99 0
0.991 0
0.992 0
0.993 0
0.994 0
0.995 0
0.996 0
0.997 0
0.998 0
0.999 0
1 0
