0.99865 0.99997
0.99862 0.99997
0.9986 0.99997
0.99857 0.99997
0.99854 0.99996
0.99851 0.99996
0.99848 0.99996
0.99845 0.99996
0.99842 0.99996
0.99839 0.99996
0.99836 0.99996
0.99833 0.99996
0.99829 0.99996
0.99826 0.99996
0.99823 0.99995
0.99819 0.99995
0.99816 0.99995
0.99812 0.99995
0.99809 0.99995
0.99805 0.99995
0.99801 0.99995
0.99797 0.99995
0.99793 0.99995
0.99789 0.99994
0.99785 0.99994
0.99781 0.99994
0.99777 0.99994
0.99773 0.99994
0.99769 0.99994
0.99764 0.99993
0.9976 0.99993
0.99755 0.99993
0.99751 0.99993
0.99746 0.99993
0.99741 0.99993
0.99736 0.99992
0.99731 0.99992
0.99726 0.99992
0.99721 0.99992
0.99716 0.99992
0.99711 0.99991
0.99705 0.99991
0.997 0.99991
0.99694 0.99991
0.99689 0.99991
0.99683 0.9999
0.99677 0.9999
0.99671 0.9999
0.99665 0.9999
0.99659 0.99989
0.99653 0.99989
0.99647 0.99989
0.9964 0.99989
0.99634 0.99988
0.99627 0.99988
0.9962 0.99988
0.99614 0.99988
0.99607 0.99987
0.996 0.99987
0.99592 0.99987
0.99585 0.99986
0.99578 0.99986
0.9957 0.99986
0.99562 0.99985
0.99555 0.99985
0.99547 0.99985
0.99539 0.99984
0.99531 0.99984
0.99522 0.99984
0.99514 0.99983
0.99505 0.99983
0.99497 0.99982
0.99488 0.99982
0.99479 0.99982
0.9947 0.99981
0.99461 0.99981
0.99451 0.9998
0.99442 0.9998
0.99432 0.99979
0.99422 0.99979
0.99412 0.99978
0.99402 0.99978
0.99392 0.99977
0.99382 0.99977
0.99371 0.99976
0.9936 0.99976
0.99349 0.99975
0.99338 0.99975
0.99327 0.99974
0.99316 0.99974
0.99304 0.99973
0.99293 0.99972
0.99281 0.99972
0.99269 0.99971
0.99256 0.9997
0.99244 0.9997
0.99231 0.99969
0.99218 0.99968
0.99205 0.99968
0.99192 0.99967
0.99179 0.99966
0.99165 0.99965
0.99152 0.99965
0.99138 0.99964
0.99123 0.99963
0.99109 0.99962
0.99095 0.99962
0.9908 0.99961
0.99065 0.9996
0.9905 0.99959
0.99034 0.99958
0.99018 0.99957
0.99003 0.99956
0.98987 0.99955
0.9897 0.99954
0.98954 0.99953
0.98937 0.99952
0.9892 0.99951
0.98903 0.9995
0.98885 0.99949
0.98867 0.99948
0.9885 0.99947
0.98831 0.99946
0.98813 0.99945
0.98794 0.99943
0.98775 0.99942
0.98756 0.99941
0.98736 0.9994
0.98717 0.99938
0.98697 0.99937
0.98676 0.99936
0.98656 0.99934
0.98635 0.99933
0.98614 0.99932
0.98593 0.9993
0.98571 0.99929
0.98549 0.99927
0.98527 0.99926
0.98504 0.99924
0.98481 0.99923
0.98458 0.99921
0.98435 0.99919
0.98411 0.99918
0.98387 0.99916
0.98363 0.99914
0.98338 0.99912
0.98313 0.99911
0.98288 0.99909
0.98262 0.99907
0.98236 0.99905
0.9821 0.99903
0.98183 0.99901
0.98156 0.99899
0.98129 0.99897
0.98101 0.99895
0.98073 0.99893
0.98045 0.9989
0.98016 0.99888
0.97987 0.99886
0.97957 0.99884
0.97928 0.99881
0.97898 0.99879
0.97867 0.99877
0.97836 0.99874
0.97805 0.99872
0.97773 0.99869
0.97741 0.99866
0.97709 0.99864
0.97676 0.99861
0.97643 0.99858
0.97609 0.99855
0.97575 0.99853
0.97541 0.9985
0.97506 0.99847
0.97471 0.99844
0.97435 0.99841
0.97399 0.99837
0.97362 0.99834
0.97325 0.99831
0.97288 0.99828
0.9725 0.99824
0.97212 0.99821
0.97173 0.99817
0.97134 0.99814
0.97095 0.9981
0.97055 0.99807
0.97014 0.99803
0.96973 0.99799
0.96932 0.99795
0.9689 0.99791
0.96848 0.99787
0.96805 0.99783
0.96762 0.99779
0.96718 0.99775
0.96673 0.99771
0.96629 0.99766
0.96583 0.99762
0.96538 0.99757
0.96491 0.99753
0.96445 0.99748
0.96397 0.99744
0.9635 0.99739
0.96301 0.99734
0.96253 0.99729
0.96203 0.99724
0.96153 0.99719
0.96103 0.99713
0.96052 0.99708
0.96001 0.99703
0.95949 0.99697
0.95896 0.99692
0.95843 0.99686
0.95789 0.9968
0.95735 0.99674
0.9568 0.99668
0.95625 0.99662
0.95569 0.99656
0.95512 0.9965
0.95455 0.99643
0.95398 0.99637
0.95339 0.9963
0.9528 0.99624
0.95221 0.99617
0.95161 0.9961
0.951 0.99603
0.95039 0.99596
0.94977 0.99589
0.94915 0.99581
0.94852 0.99574
0.94788 0.99566
0.94724 0.99559
0.94659 0.99551
0.94593 0.99543
0.94527 0.99535
0.9446 0.99526
0.94392 0.99518
0.94324 0.9951
0.94255 0.99501
0.94186 0.99492
0.94116 0.99483
0.94045 0.99474
0.93973 0.99465
0.93901 0.99456
0.93829 0.99447
0.93755 0.99437
0.93681 0.99427
0.93606 0.99417
0.93531 0.99407
0.93454 0.99397
0.93377 0.99387
0.933 0.99376
0.93221 0.99366
0.93142 0.99355
0.93063 0.99344
0.92982 0.99333
0.92901 0.99322
0.92819 0.9931
0.92737 0.99298
0.92653 0.99287
0.92569 0.99275
0.92485 0.99262
0.92399 0.9925
0.92313 0.99238
0.92226 0.99225
0.92138 0.99212
0.92049 0.99199
0.9196 0.99186
0.9187 0.99172
0.91779 0.99158
0.91688 0.99145
0.91596 0.99131
0.91503 0.99116
0.91409 0.99102
0.91314 0.99087
0.91219 0.99072
0.91123 0.99057
0.91026 0.99042
0.90928 0.99026
0.9083 0.99011
0.9073 0.98995
0.9063 0.98978
0.90529 0.98962
0.90428 0.98945
0.90325 0.98928
0.90222 0.98911
0.90118 0.98894
0.90013 0.98876
0.89907 0.98859
0.89801 0.9884
0.89693 0.98822
0.89585 0.98804
0.89476 0.98785
0.89366 0.98766
0.89256 0.98746
0.89144 0.98727
0.89032 0.98707
0.88919 0.98687
0.88805 0.98666
0.8869 0.98645
0.88574 0.98625
0.88458 0.98603
0.88341 0.98582
0.88223 0.9856
0.88104 0.98538
0.87984 0.98515
0.87863 0.98493
0.87742 0.9847
0.87619 0.98446
0.87496 0.98423
0.87372 0.98399
0.87247 0.98375
0.87121 0.9835
0.86994 0.98325
0.86867 0.983
0.86738 0.98275
0.86609 0.98249
0.86479 0.98223
0.86348 0.98196
0.86216 0.9817
0.86084 0.98142
0.8595 0.98115
0.85816 0.98087
0.8568 0.98059
0.85544 0.9803
0.85407 0.98001
0.85269 0.97972
0.8513 0.97943
0.84991 0.97913
0.8485 0.97882
0.84709 0.97852
0.84567 0.97821
0.84423 0.97789
0.84279 0.97757
0.84134 0.97725
0.83989 0.97692
0.83842 0.97659
0.83695 0.97626
0.83546 0.97592
0.83397 0.97558
0.83247 0.97523
0.83096 0.97488
0.82944 0.97453
0.82791 0.97417
0.82638 0.97381
0.82483 0.97344
0.82328 0.97307
0.82172 0.97269
0.82014 0.97231
0.81856 0.97193
0.81698 0.97154
0.81538 0.97115
0.81377 0.97075
0.81216 0.97034
0.81054 0.96994
0.80891 0.96953
0.80727 0.96911
0.80562 0.96869
0.80396 0.96826
0.8023 0.96783
0.80062 0.9674
0.79894 0.96696
0.79725 0.96651
0.79555 0.96606
0.79384 0.96561
0.79212 0.96515
0.7904 0.96468
0.78867 0.96421
0.78692 0.96374
0.78517 0.96326
0.78342 0.96277
0.78165 0.96228
0.77988 0.96178
0.77809 0.96128
0.7763 0.96078
0.7745 0.96026
0.77269 0.95975
0.77088 0.95922
0.76905 0.95869
0.76722 0.95816
0.76538 0.95762
0.76353 0.95708
0.76168 0.95653
0.75981 0.95597
0.75794 0.95541
0.75606 0.95484
0.75418 0.95426
0.75228 0.95368
0.75038 0.9531
0.74847 0.95251
0.74655 0.95191
0.74462 0.95131
0.74269 0.9507
0.74075 0.95008
0.7388 0.94946
0.73684 0.94883
0.73488 0.9482
0.7329 0.94756
0.73093 0.94691
0.72894 0.94626
0.72695 0.9456
0.72495 0.94493
0.72294 0.94426
0.72092 0.94358
0.7189 0.9429
0.71687 0.94221
0.71484 0.94151
0.71279 0.9408
0.71074 0.94009
0.70869 0.93938
0.70662 0.93865
0.70455 0.93792
0.70247 0.93718
0.70039 0.93644
0.6983 0.93568
0.6962 0.93493
0.6941 0.93416
0.69199 0.93339
0.68987 0.93261
0.68775 0.93182
0.68562 0.93103
0.68349 0.93023
0.68135 0.92942
0.6792 0.9286
0.67705 0.92778
0.67489 0.92695
0.67272 0.92611
0.67055 0.92527
0.66838 0.92442
0.66619 0.92356
0.66401 0.92269
0.66181 0.92182
0.65961 0.92094
0.65741 0.92005
0.6552 0.91915
0.65299 0.91825
0.65077 0.91734
0.64854 0.91642
0.64631 0.91549
0.64407 0.91456
0.64183 0.91362
0.63959 0.91267
0.63734 0.91171
0.63508 0.91074
0.63282 0.90977
0.63056 0.90879
0.62829 0.9078
0.62602 0.9068
0.62374 0.9058
0.62146 0.90479
0.61917 0.90376
0.61688 0.90274
0.61459 0.9017
0.61229 0.90065
0.60998 0.8996
0.60768 0.89854
0.60537 0.89747
0.60305 0.89639
0.60074 0.89531
0.59842 0.89421
0.59609 0.89311
0.59376 0.892
0.59143 0.89088
0.5891 0.88975
0.58676 0.88862
0.58442 0.88748
0.58208 0.88632
0.57973 0.88516
0.57738 0.88399
0.57503 0.88282
0.57267 0.88163
0.57032 0.88044
0.56796 0.87924
0.56559 0.87802
0.56323 0.8768
0.56086 0.87558
0.55849 0.87434
0.55612 0.87309
0.55375 0.87184
0.55137 0.87058
0.549 0.86931
0.54662 0.86803
0.54424 0.86674
0.54185 0.86544
0.53947 0.86414
0.53709 0.86282
0.5347 0.8615
0.53231 0.86017
0.52992 0.85883
0.52753 0.85748
0.52514 0.85612
0.52275 0.85476
0.52036 0.85338
0.51796 0.852
0.51557 0.85061
0.51318 0.84921
0.51078 0.8478
0.50839 0.84638
0.50599 0.84495
0.50359 0.84351
0.5012 0.84207
0.4988 0.84062
0.49641 0.83916
0.49401 0.83768
0.49161 0.8362
0.48922 0.83472
0.48682 0.83322
0.48443 0.83171
0.48204 0.8302
0.47964 0.82868
0.47725 0.82714
0.47486 0.8256
0.47247 0.82406
0.47008 0.8225
0.46769 0.82093
0.4653 0.81936
0.46291 0.81777
0.46053 0.81618
0.45815 0.81458
0.45576 0.81297
0.45338 0.81135
0.451 0.80972
0.44863 0.80809
0.44625 0.80644
0.44388 0.80479
0.44151 0.80313
0.43914 0.80146
0.43677 0.79978
0.43441 0.79809
0.43204 0.7964
0.42968 0.7947
0.42733 0.79298
0.42497 0.79126
0.42262 0.78953
0.42027 0.7878
0.41792 0.78605
0.41558 0.7843
0.41324 0.78253
0.4109 0.78076
0.40857 0.77898
0.40624 0.7772
0.40391 0.7754
0.40158 0.7736
0.39926 0.77179
0.39695 0.76997
0.39463 0.76814
0.39232 0.7663
0.39002 0.76446
0.38771 0.76261
0.38541 0.76075
0.38312 0.75888
0.38083 0.757
0.37854 0.75512
0.37626 0.75323
0.37398 0.75133
0.37171 0.74942
0.36944 0.74751
0.36718 0.74559
0.36492 0.74365
0.36266 0.74172
0.36041 0.73977
0.35817 0.73782
0.35593 0.73586
0.35369 0.73389
0.35146 0.73192
0.34923 0.72993
0.34701 0.72794
0.3448 0.72595
0.34259 0.72394
0.34039 0.72193
0.33819 0.71991
0.33599 0.71789
0.33381 0.71585
0.33162 0.71382
0.32945 0.71177
0.32728 0.70972
0.32511 0.70765
0.32295 0.70559
0.3208 0.70351
0.31865 0.70143
0.31651 0.69935
0.31438 0.69725
0.31225 0.69515
0.31013 0.69305
0.30801 0.69093
0.3059 0.68881
0.3038 0.68669
0.3017 0.68456
0.29961 0.68242
0.29753 0.68028
0.29545 0.67813
0.29338 0.67597
0.29131 0.67381
0.28926 0.67164
0.28721 0.66947
0.28516 0.66729
0.28313 0.6651
0.2811 0.66291
0.27908 0.66071
0.27706 0.65851
0.27505 0.65631
0.27305 0.65409
0.27106 0.65188
0.26907 0.64965
0.2671 0.64743
0.26512 0.64519
0.26316 0.64295
0.2612 0.64071
0.25925 0.63846
0.25731 0.63621
0.25538 0.63395
0.25345 0.63169
0.25153 0.62942
0.24962 0.62715
0.24772 0.62488
0.24582 0.6226
0.24394 0.62031
0.24206 0.61803
0.24019 0.61573
0.23832 0.61344
0.23647 0.61114
0.23462 0.60883
0.23278 0.60652
0.23095 0.60421
0.22912 0.6019
0.22731 0.59958
0.2255 0.59725
0.2237 0.59493
0.22191 0.5926
0.22012 0.59027
0.21835 0.58793
0.21658 0.58559
0.21483 0.58325
0.21308 0.5809
0.21133 0.57856
0.2096 0.5762
0.20788 0.57385
0.20616 0.57149
0.20445 0.56914
0.20275 0.56677
0.20106 0.56441
0.19938 0.56205
0.1977 0.55968
0.19604 0.55731
0.19438 0.55493
0.19273 0.55256
0.19109 0.55018
0.18946 0.54781
0.18784 0.54543
0.18623 0.54305
0.18462 0.54066
0.18302 0.53828
0.18144 0.53589
0.17986 0.53351
0.17828 0.53112
0.17672 0.52873
0.17517 0.52634
0.17362 0.52395
0.17209 0.52155
0.17056 0.51916
0.16904 0.51677
0.16753 0.51437
0.16603 0.51198
0.16454 0.50958
0.16305 0.50719
0.16158 0.50479
0.16011 0.5024
0.15866 0.5
0.15721 0.4976
0.15577 0.49521
0.15433 0.49281
0.15291 0.49042
0.1515 0.48802
0.15009 0.48563
0.1487 0.48323
0.14731 0.48084
0.14593 0.47845
0.14456 0.47605
0.1432 0.47366
0.14184 0.47127
0.1405 0.46888
0.13916 0.46649
0.13784 0.46411
0.13652 0.46172
0.13521 0.45934
0.13391 0.45695
0.13262 0.45457
0.13133 0.45219
0.13006 0.44982
0.12879 0.44744
0.12753 0.44507
0.12628 0.44269
0.12504 0.44032
0.12381 0.43795
0.12258 0.43559
0.12137 0.43323
0.12016 0.43086
0.11896 0.42851
0.11777 0.42615
0.11659 0.4238
0.11542 0.42144
0.11426 0.4191
0.1131 0.41675
0.11195 0.41441
0.11081 0.41207
0.10968 0.40973
0.10856 0.4074
0.10744 0.40507
0.10634 0.40275
0.10524 0.40042
0.10415 0.3981
0.10307 0.39579
0.10199 0.39348
0.10093 0.39117
0.099872 0.38886
0.098823 0.38656
0.097782 0.38427
0.096749 0.38197
0.095724 0.37969
0.094707 0.3774
0.093699 0.37512
0.092698 0.37285
0.091705 0.37058
0.09072 0.36831
0.089743 0.36605
0.088773 0.36379
0.087812 0.36154
0.086858 0.35929
0.085912 0.35705
0.084974 0.35481
0.084043 0.35257
0.08312 0.35035
0.082205 0.34812
0.081298 0.34591
0.080398 0.34369
0.079505 0.34149
0.07862 0.33929
0.077743 0.33709
0.076873 0.3349
0.07601 0.33271
0.075155 0.33053
0.074307 0.32836
0.073466 0.32619
0.072633 0.32403
0.071807 0.32187
0.070989 0.31972
0.070177 0.31758
0.069373 0.31544
0.068575 0.31331
0.067785 0.31119
0.067002 0.30907
0.066226 0.30695
0.065457 0.30485
0.064694 0.30275
0.063939 0.30065
0.063191 0.29857
0.062449 0.29649
0.061714 0.29441
0.060986 0.29235
0.060265 0.29028
0.05955 0.28823
0.058843 0.28618
0.058141 0.28415
0.057446 0.28211
0.056758 0.28009
0.056077 0.27807
0.055401 0.27606
0.054733 0.27405
0.05407 0.27206
0.053414 0.27007
0.052765 0.26808
0.052121 0.26611
0.051484 0.26414
0.050853 0.26218
0.050228 0.26023
0.04961 0.25828
0.048997 0.25635
0.048391 0.25441
0.04779 0.25249
0.047196 0.25058
0.046607 0.24867
0.046025 0.24677
0.045448 0.24488
0.044877 0.243
0.044312 0.24112
0.043752 0.23925
0.043199 0.23739
0.042651 0.23554
0.042108 0.2337
0.041572 0.23186
0.04104 0.23003
0.040515 0.22821
0.039994 0.2264
0.03948 0.2246
0.03897 0.2228
0.038466 0.22102
0.037968 0.21924
0.037474 0.21747
0.036986 0.2157
0.036503 0.21395
0.036025 0.2122
0.035553 0.21047
0.035085 0.20874
0.034623 0.20702
0.034165 0.2053
0.033713 0.2036
0.033265 0.20191
0.032822 0.20022
0.032385 0.19854
0.031952 0.19687
0.031524 0.19521
0.0311 0.19356
0.030681 0.19191
0.030267 0.19028
0.029858 0.18865
0.029453 0.18703
0.029053 0.18542
0.028657 0.18382
0.028266 0.18223
0.02788 0.18064
0.027497 0.17907
0.027119 0.1775
0.026746 0.17594
0.026377 0.1744
0.026012 0.17286
0.025651 0.17132
0.025294 0.1698
0.024942 0.16829
0.024594 0.16678
0.024249 0.16528
0.023909 0.1638
0.023573 0.16232
0.023241 0.16084
0.022913 0.15938
0.022588 0.15793
0.022268 0.15649
0.021952 0.15505
0.021639 0.15362
0.02133 0.1522
0.021025 0.15079
0.020723 0.14939
0.020425 0.148
0.020131 0.14662
0.01984 0.14524
0.019553 0.14388
0.01927 0.14252
0.01899 0.14117
0.018713 0.13983
0.01844 0.1385
0.01817 0.13718
0.017904 0.13586
0.017641 0.13456
0.017381 0.13326
0.017125 0.13197
0.016872 0.13069
0.016622 0.12942
0.016375 0.12816
0.016131 0.12691
0.015891 0.12566
0.015653 0.12442
0.015419 0.1232
0.015188 0.12198
0.014959 0.12076
0.014734 0.11956
0.014511 0.11837
0.014292 0.11718
0.014075 0.11601
0.013861 0.11484
0.01365 0.11368
0.013441 0.11252
0.013236 0.11138
0.013033 0.11025
0.012833 0.10912
0.012635 0.108
0.012441 0.10689
0.012248 0.10579
0.012059 0.10469
0.011872 0.10361
0.011687 0.10253
0.011505 0.10146
0.011325 0.1004
0.011148 0.099346
0.010973 0.098301
0.010801 0.097264
0.010631 0.096236
0.010463 0.095215
0.010298 0.094202
0.010135 0.093197
0.0099739 0.0922
0.0098153 0.091211
0.0096589 0.09023
0.0095047 0.089257
0.0093527 0.088291
0.0092028 0.087334
0.009055 0.086384
0.0089092 0.085442
0.0087656 0.084508
0.0086239 0.083581
0.0084843 0.082662
0.0083467 0.08175
0.008211 0.080847
0.0080773 0.07995
0.0079455 0.079062
0.0078155 0.07818
0.0076875 0.077307
0.0075613 0.07644
0.0074369 0.075582
0.0073144 0.07473
0.0071936 0.073886
0.0070746 0.073049
0.0069573 0.072219
0.0068418 0.071397
0.0067279 0.070582
0.0066157 0.069774
0.0065052 0.068973
0.0063963 0.068179
0.0062891 0.067393
0.0061834 0.066613
0.0060793 0.06584
0.0059768 0.065075
0.0058758 0.064316
0.0057763 0.063564
0.0056783 0.062819
0.0055818 0.062081
0.0054867 0.061349
0.0053931 0.060625
0.0053009 0.059907
0.0052101 0.059196
0.0051207 0.058491
0.0050327 0.057793
0.004946 0.057102
0.0048607 0.056417
0.0047767 0.055738
0.0046939 0.055066
0.0046125 0.054401
0.0045323 0.053742
0.0044533 0.053089
0.0043756 0.052442
0.0042991 0.051802
0.0042238 0.051168
0.0041497 0.05054
0.0040768 0.049918
0.004005 0.049303
0.0039343 0.048693
0.0038647 0.04809
0.0037963 0.047492
0.0037289 0.046901
0.0036627 0.046315
0.0035974 0.045736
0.0035333 0.045162
0.0034701 0.044594
0.003408 0.044031
0.0033468 0.043475
0.0032867 0.042924
0.0032275 0.042379
0.0031693 0.041839
0.003112 0.041305
0.0030557 0.040777
0.0030003 0.040254
0.0029458 0.039736
0.0028922 0.039224
0.0028395 0.038718
0.0027876 0.038216
0.0027366 0.03772
0.0026864 0.037229
0.0026371 0.036744
0.0025886 0.036263
0.0025409 0.035788
0.002494 0.035318
0.0024479 0.034853
0.0024025 0.034393
0.0023579 0.033938
0.0023141 0.033488
0.002271 0.033043
0.0022286 0.032603
0.002187 0.032168
0.002146 0.031737
0.0021058 0.031311
0.0020662 0.03089
0.0020274 0.030474
0.0019891 0.030062
0.0019516 0.029655
0.0019146 0.029253
0.0018784 0.028855
0.0018427 0.028461
0.0018077 0.028072
0.0017732 0.027688
0.0017394 0.027308
0.0017061 0.026932
0.0016735 0.026561
0.0016414 0.026193
0.0016098 0.025831
0.0015789 0.025472
0.0015484 0.025117
0.0015185 0.024767
0.0014891 0.024421
0.0014603 0.024079
0.0014319 0.023741
0.0014041 0.023407
0.0013768 0.023076
0.0013499 0.02275
