0.99865 0.99865
0.99862 0.99862
0.9986 0.9986
0.99857 0.99857
0.99854 0.99854
0.99851 0.99851
0.99848 0.99848
0.99845 0.99845
0.99842 0.99842
0.99839 0.99839
0.99836 0.99836
0.99833 0.99833
0.99829 0.99829
0.99826 0.99826
0.99823 0.99823
0.99819 0.99819
0.99816 0.99816
0.99812 0.99812
0.99809 0.99809
0.99805 0.99805
0.99801 0.99801
0.99797 0.99797
0.99793 0.99793
0.99789 0.99789
0.99785 0.99785
0.99781 0.99781
0.99777 0.99777
0.99773 0.99773
0.99769 0.99769
0.99764 0.99764
0.9976 0.9976
0.99755 0.99755
0.99751 0.99751
0.99746 0.99746
0.99741 0.99741
0.99736 0.99736
0.99731 0.99731
0.99726 0.99726
0.99721 0.99721
0.99716 0.99716
0.99711 0.99711
0.99705 0.99705
0.997 0.997
0.99694 0.99694
0.99689 0.99689
0.99683 0.99683
0.99677 0.99677
0.99671 0.99671
0.99665 0.99665
0.99659 0.99659
0.99653 0.99653
0.99647 0.99647
0.9964 0.9964
0.99634 0.99634
0.99627 0.99627
0.9962 0.9962
0.99614 0.99614
0.99607 0.99607
0.996 0.996
0.99592 0.99592
0.99585 0.99585
0.99578 0.99578
0.9957 0.9957
0.99562 0.99562
0.99555 0.99555
0.99547 0.99547
0.99539 0.99539
0.99531 0.99531
0.99522 0.99522
0.99514 0.99514
0.99505 0.99505
0.99497 0.99497
0.99488 0.99488
0.99479 0.99479
0.9947 0.9947
0.99461 0.99461
0.99451 0.99451
0.99442 0.99442
0.99432 0.99432
0.99422 0.99422
0.99412 0.99412
0.99402 0.99402
0.99392 0.99392
0.99382 0.99382
0.99371 0.99371
0.9936 0.9936
0.99349 0.99349
0.99338 0.99338
0.99327 0.99327
0.99316 0.99316
0.99304 0.99304
0.99293 0.99293
0.99281 0.99281
0.99269 0.99269
0.99256 0.99256
0.99244 0.99244
0.99231 0.99231
0.99218 0.99218
0.99205 0.99205
0.99192 0.99192
0.99179 0.99179
0.99165 0.99165
0.99152 0.99152
0.99138 0.99138
0.99123 0.99123
0.99109 0.99109
0.99095 0.99095
0.9908 0.9908
0.99065 0.99065
0.9905 0.9905
0.99034 0.99034
0.99018 0.99018
0.99003 0.99003
0.98987 0.98987
0.9897 0.9897
0.98954 0.98954
0.98937 0.98937
0.9892 0.9892
0.98903 0.98903
0.98885 0.98885
0.98867 0.98867
0.9885 0.9885
0.98831 0.98831
0.98813 0.98813
0.98794 0.98794
0.98775 0.98775
0.98756 0.98756
0.98736 0.98736
0.98717 0.98717
0.98697 0.98697
0.98676 0.98676
0.98656 0.98656
0.98635 0.98635
0.98614 0.98614
0.98593 0.98593
0.98571 0.98571
0.98549 0.98549
0.98527 0.98527
0.98504 0.98504
0.98481 0.98481
0.98458 0.98458
0.98435 0.98435
0.98411 0.98411
0.98387 0.98387
0.98363 0.98363
0.98338 0.98338
0.98313 0.98313
0.98288 0.98288
0.98262 0.98262
0.98236 0.98236
0.9821 0.9821
0.98183 0.98183
0.98156 0.98156
0.98129 0.98129
0.98101 0.98101
0.98073 0.98073
0.98045 0.98045
0.98016 0.98016
0.97987 0.97987
0.97957 0.97957
0.97928 0.97928
0.97898 0.97898
0.97867 0.97867
0.97836 0.97836
0.97805 0.97805
0.97773 0.97773
0.97741 0.97741
0.97709 0.97709
0.97676 0.97676
0.97643 0.97643
0.97609 0.97609
0.97575 0.97575
0.97541 0.97541
0.97506 0.97506
0.97471 0.97471
0.97435 0.97435
0.97399 0.97399
0.97362 0.97362
0.97325 0.97325
0.97288 0.97288
0.9725 0.9725
0.97212 0.97212
0.97173 0.97173
0.97134 0.97134
0.97095 0.97095
0.97055 0.97055
0.97014 0.97014
0.96973 0.96973
0.96932 0.96932
0.9689 0.9689
0.96848 0.96848
0.96805 0.96805
0.96762 0.96762
0.96718 0.96718
0.96673 0.96673
0.96629 0.96629
0.96583 0.96583
0.96538 0.96538
0.96491 0.96491
0.96445 0.96445
0.96397 0.96397
0.9635 0.9635
0.96301 0.96301
0.96253 0.96253
0.96203 0.96203
0.96153 0.96153
0.96103 0.96103
0.96052 0.96052
0.96001 0.96001
0.95949 0.95949
0.95896 0.95896
0.95843 0.95843
0.95789 0.95789
0.95735 0.95735
0.9568 0.9568
0.95625 0.95625
0.95569 0.95569
0.95512 0.95512
0.95455 0.95455
0.95398 0.95398
0.95339 0.95339
0.9528 0.9528
0.95221 0.95221
0.95161 0.95161
0.951 0.951
0.95039 0.95039
0.94977 0.94977
0.94915 0.94915
0.94852 0.94852
0.94788 0.94788
0.94724 0.94724
0.94659 0.94659
0.94593 0.94593
0.94527 0.94527
0.9446 0.9446
0.94392 0.94392
0.94324 0.94324
0.94255 0.94255
0.94186 0.94186
0.94116 0.94116
0.94045 0.94045
0.93973 0.93973
0.93901 0.93901
0.93829 0.93829
0.93755 0.93755
0.93681 0.93681
0.93606 0.93606
0.93531 0.93531
0.93454 0.93454
0.93377 0.93377
0.933 0.933
0.93221 0.93221
0.93142 0.93142
0.93063 0.93063
0.92982 0.92982
0.92901 0.92901
0.92819 0.92819
0.92737 0.92737
0.92653 0.92653
0.92569 0.92569
0.92485 0.92485
0.92399 0.92399
0.92313 0.92313
0.92226 0.92226
0.92138 0.92138
0.92049 0.92049
0.9196 0.9196
0.9187 0.9187
0.91779 0.91779
0.91688 0.91688
0.91596 0.91596
0.91503 0.91503
0.91409 0.91409
0.91314 0.91314
0.91219 0.91219
0.91123 0.91123
0.91026 0.91026
0.90928 0.90928
0.9083 0.9083
0.9073 0.9073
0.9063 0.9063
0.90529 0.90529
0.90428 0.90428
0.90325 0.90325
0.90222 0.90222
0.90118 0.90118
0.90013 0.90013
0.89907 0.89907
0.89801 0.89801
0.89693 0.89693
0.89585 0.89585
0.89476 0.89476
0.89366 0.89366
0.89256 0.89256
0.89144 0.89144
0.89032 0.89032
0.88919 0.88919
0.88805 0.88805
0.8869 0.8869
0.88574 0.88574
0.88458 0.88458
0.88341 0.88341
0.88223 0.88223
0.88104 0.88104
0.87984 0.87984
0.87863 0.87863
0.87742 0.87742
0.87619 0.87619
0.87496 0.87496
0.87372 0.87372
0.87247 0.87247
0.87121 0.87121
0.86994 0.86994
0.86867 0.86867
0.86738 0.86738
0.86609 0.86609
0.86479 0.86479
0.86348 0.86348
0.86216 0.86216
0.86084 0.86084
0.8595 0.8595
0.85816 0.85816
0.8568 0.8568
0.85544 0.85544
0.85407 0.85407
0.85269 0.85269
0.8513 0.8513
0.84991 0.84991
0.8485 0.8485
0.84709 0.84709
0.84567 0.84567
0.84423 0.84423
0.84279 0.84279
0.84134 0.84134
0.83989 0.83989
0.83842 0.83842
0.83695 0.83695
0.83546 0.83546
0.83397 0.83397
0.83247 0.83247
0.83096 0.83096
0.82944 0.82944
0.82791 0.82791
0.82638 0.82638
0.82483 0.82483
0.82328 0.82328
0.82172 0.82172
0.82014 0.82014
0.81856 0.81856
0.81698 0.81698
0.81538 0.81538
0.81377 0.81377
0.81216 0.81216
0.81054 0.81054
0.80891 0.80891
0.80727 0.80727
0.80562 0.80562
0.80396 0.80396
0.8023 0.8023
0.80062 0.80062
0.79894 0.79894
0.79725 0.79725
0.79555 0.79555
0.79384 0.79384
0.79212 0.79212
0.7904 0.7904
0.78867 0.78867
0.78692 0.78692
0.78517 0.78517
0.78342 0.78342
0.78165 0.78165
0.77988 0.77988
0.77809 0.77809
0.7763 0.7763
0.7745 0.7745
0.77269 0.77269
0.77088 0.77088
0.76905 0.76905
0.76722 0.76722
0.76538 0.76538
0.76353 0.76353
0.76168 0.76168
0.75981 0.75981
0.75794 0.75794
0.75606 0.75606
0.75418 0.75418
0.75228 0.75228
0.75038 0.75038
0.74847 0.74847
0.74655 0.74655
0.74462 0.74462
0.74269 0.74269
0.74075 0.74075
0.7388 0.7388
0.73684 0.73684
0.73488 0.73488
0.7329 0.7329
0.73093 0.73093
0.72894 0.72894
0.72695 0.72695
0.72495 0.72495
0.72294 0.72294
0.72092 0.72092
0.7189 0.7189
0.71687 0.71687
0.71484 0.71484
0.71279 0.71279
0.71074 0.71074
0.70869 0.70869
0.70662 0.70662
0.70455 0.70455
0.70247 0.70247
0.70039 0.70039
0.6983 0.6983
0.6962 0.6962
0.6941 0.6941
0.69199 0.69199
0.68987 0.68987
0.68775 0.68775
0.68562 0.68562
0.68349 0.68349
0.68135 0.68135
0.6792 0.6792
0.67705 0.67705
0.67489 0.67489
0.67272 0.67272
0.67055 0.67055
0.66838 0.66838
0.66619 0.66619
0.66401 0.66401
0.66181 0.66181
0.65961 0.65961
0.65741 0.65741
0.6552 0.6552
0.65299 0.65299
0.65077 0.65077
0.64854 0.64854
0.64631 0.64631
0.64407 0.64407
0.64183 0.64183
0.63959 0.63959
0.63734 0.63734
0.63508 0.63508
0.63282 0.63282
0.63056 0.63056
0.62829 0.62829
0.62602 0.62602
0.62374 0.62374
0.62146 0.62146
0.61917 0.61917
0.61688 0.61688
0.61459 0.61459
0.61229 0.61229
0.60998 0.60998
0.60768 0.60768
0.60537 0.60537
0.60305 0.60305
0.60074 0.60074
0.59842 0.59842
0.59609 0.59609
0.59376 0.59376
0.59143 0.59143
0.5891 0.5891
0.58676 0.58676
0.58442 0.58442
0.58208 0.58208
0.57973 0.57973
0.57738 0.57738
0.57503 0.57503
0.57267 0.57267
0.57032 0.57032
0.56796 0.56796
0.56559 0.56559
0.56323 0.56323
0.56086 0.56086
0.55849 0.55849
0.55612 0.55612
0.55375 0.55375
0.55137 0.55137
0.549 0.549
0.54662 0.54662
0.54424 0.54424
0.54185 0.54185
0.53947 0.53947
0.53709 0.53709
0.5347 0.5347
0.53231 0.53231
0.52992 0.52992
0.52753 0.52753
0.52514 0.52514
0.52275 0.52275
0.52036 0.52036
0.51796 0.51796
0.51557 0.51557
0.51318 0.51318
0.51078 0.51078
0.50839 0.50839
0.50599 0.50599
0.50359 0.50359
0.5012 0.5012
0.4988 0.4988
0.49641 0.49641
0.49401 0.49401
0.49161 0.49161
0.48922 0.48922
0.48682 0.48682
0.48443 0.48443
0.48204 0.48204
0.47964 0.47964
0.47725 0.47725
0.47486 0.47486
0.47247 0.47247
0.47008 0.47008
0.46769 0.46769
0.4653 0.4653
0.46291 0.46291
0.46053 0.46053
0.45815 0.45815
0.45576 0.45576
0.45338 0.45338
0.451 0.451
0.44863 0.44863
0.44625 0.44625
0.44388 0.44388
0.44151 0.44151
0.43914 0.43914
0.43677 0.43677
0.43441 0.43441
0.43204 0.43204
0.42968 0.42968
0.42733 0.42733
0.42497 0.42497
0.42262 0.42262
0.42027 0.42027
0.41792 0.41792
0.41558 0.41558
0.41324 0.41324
0.4109 0.4109
0.40857 0.40857
0.40624 0.40624
0.40391 0.40391
0.40158 0.40158
0.39926 0.39926
0.39695 0.39695
0.39463 0.39463
0.39232 0.39232
0.39002 0.39002
0.38771 0.38771
0.38541 0.38541
0.38312 0.38312
0.38083 0.38083
0.37854 0.37854
0.37626 0.37626
0.37398 0.37398
0.37171 0.37171
0.36944 0.36944
0.36718 0.36718
0.36492 0.36492
0.36266 0.36266
0.36041 0.36041
0.35817 0.35817
0.35593 0.35593
0.35369 0.35369
0.35146 0.35146
0.34923 0.34923
0.34701 0.34701
0.3448 0.3448
0.34259 0.34259
0.34039 0.34039
0.33819 0.33819
0.33599 0.33599
0.33381 0.33381
0.33162 0.33162
0.32945 0.32945
0.32728 0.32728
0.32511 0.32511
0.32295 0.32295
0.3208 0.3208
0.31865 0.31865
0.31651 0.31651
0.31438 0.31438
0.31225 0.31225
0.31013 0.31013
0.30801 0.30801
0.3059 0.3059
0.3038 0.3038
0.3017 0.3017
0.29961 0.29961
0.29753 0.29753
0.29545 0.29545
0.29338 0.29338
0.29131 0.29131
0.28926 0.28926
0.28721 0.28721
0.28516 0.28516
0.28313 0.28313
0.2811 0.2811
0.27908 0.27908
0.27706 0.27706
0.27505 0.27505
0.27305 0.27305
0.27106 0.27106
0.26907 0.26907
0.2671 0.2671
0.26512 0.26512
0.26316 0.26316
0.2612 0.2612
0.25925 0.25925
0.25731 0.25731
0.25538 0.25538
0.25345 0.25345
0.25153 0.25153
0.24962 0.24962
0.24772 0.24772
0.24582 0.24582
0.24394 0.24394
0.24206 0.24206
0.24019 0.24019
0.23832 0.23832
0.23647 0.23647
0.23462 0.23462
0.23278 0.23278
0.23095 0.23095
0.22912 0.22912
0.22731 0.22731
0.2255 0.2255
0.2237 0.2237
0.22191 0.22191
0.22012 0.22012
0.21835 0.21835
0.21658 0.21658
0.21483 0.21483
0.21308 0.21308
0.21133 0.21133
0.2096 0.2096
0.20788 0.20788
0.20616 0.20616
0.20445 0.20445
0.20275 0.20275
0.20106 0.20106
0.19938 0.19938
0.1977 0.1977
0.19604 0.19604
0.19438 0.19438
0.19273 0.19273
0.19109 0.19109
0.18946 0.18946
0.18784 0.18784
0.18623 0.18623
0.18462 0.18462
0.18302 0.18302
0.18144 0.18144
0.17986 0.17986
0.17828 0.17828
0.17672 0.17672
0.17517 0.17517
0.17362 0.17362
0.17209 0.17209
0.17056 0.17056
0.16904 0.16904
0.16753 0.16753
0.16603 0.16603
0.16454 0.16454
0.16305 0.16305
0.16158 0.16158
0.16011 0.16011
0.15866 0.15866
0.15721 0.15721
0.15577 0.15577
0.15433 0.15433
0.15291 0.15291
0.1515 0.1515
0.15009 0.15009
0.1487 0.1487
0.14731 0.14731
0.14593 0.14593
0.14456 0.14456
0.1432 0.1432
0.14184 0.14184
0.1405 0.1405
0.13916 0.13916
0.13784 0.13784
0.13652 0.13652
0.13521 0.13521
0.13391 0.13391
0.13262 0.13262
0.13133 0.13133
0.13006 0.13006
0.12879 0.12879
0.12753 0.12753
0.12628 0.12628
0.12504 0.12504
0.12381 0.12381
0.12258 0.12258
0.12137 0.12137
0.12016 0.12016
0.11896 0.11896
0.11777 0.11777
0.11659 0.11659
0.11542 0.11542
0.11426 0.11426
0.1131 0.1131
0.11195 0.11195
0.11081 0.11081
0.10968 0.10968
0.10856 0.10856
0.10744 0.10744
0.10634 0.10634
0.10524 0.10524
0.10415 0.10415
0.10307 0.10307
0.10199 0.10199
0.10093 0.10093
0.099872 0.099872
0.098823 0.098823
0.097782 0.097782
0.096749 0.096749
0.095724 0.095724
0.094707 0.094707
0.093699 0.093699
0.092698 0.092698
0.091705 0.091705
0.09072 0.09072
0.089743 0.089743
0.088773 0.088773
0.087812 0.087812
0.086858 0.086858
0.085912 0.085912
0.084974 0.084974
0.084043 0.084043
0.08312 0.08312
0.082205 0.082205
0.081298 0.081298
0.080398 0.080398
0.079505 0.079505
0.07862 0.07862
0.077743 0.077743
0.076873 0.076873
0.07601 0.07601
0.075155 0.075155
0.074307 0.074307
0.073466 0.073466
0.072633 0.072633
0.071807 0.071807
0.070989 0.070989
0.070177 0.070177
0.069373 0.069373
0.068575 0.068575
0.067785 0.067785
0.067002 0.067002
0.066226 0.066226
0.065457 0.065457
0.064694 0.064694
0.063939 0.063939
0.063191 0.063191
0.062449 0.062449
0.061714 0.061714
0.060986 0.060986
0.060265 0.060265
0.05955 0.05955
0.058843 0.058843
0.058141 0.058141
0.057446 0.057446
0.056758 0.056758
0.056077 0.056077
0.055401 0.055401
0.054733 0.054733
0.05407 0.05407
0.053414 0.053414
0.052765 0.052765
0.052121 0.052121
0.051484 0.051484
0.050853 0.050853
0.050228 0.050228
0.04961 0.04961
0.048997 0.048997
0.048391 0.048391
0.04779 0.04779
0.047196 0.047196
0.046607 0.046607
0.046025 0.046025
0.045448 0.045448
0.044877 0.044877
0.044312 0.044312
0.043752 0.043752
0.043199 0.043199
0.042651 0.042651
0.042108 0.042108
0.041572 0.041572
0.04104 0.04104
0.040515 0.040515
0.039994 0.039994
0.03948 0.03948
0.03897 0.03897
0.038466 0.038466
0.037968 0.037968
0.037474 0.037474
0.036986 0.036986
0.036503 0.036503
0.036025 0.036025
0.035553 0.035553
0.035085 0.035085
0.034623 0.034623
0.034165 0.034165
0.033713 0.033713
0.033265 0.033265
0.032822 0.032822
0.032385 0.032385
0.031952 0.031952
0.031524 0.031524
0.0311 0.0311
0.030681 0.030681
0.030267 0.030267
0.029858 0.029858
0.029453 0.029453
0.029053 0.029053
0.028657 0.028657
0.028266 0.028266
0.02788 0.02788
0.027497 0.027497
0.027119 0.027119
0.026746 0.026746
0.026377 0.026377
0.026012 0.026012
0.025651 0.025651
0.025294 0.025294
0.024942 0.024942
0.024594 0.024594
0.024249 0.024249
0.023909 0.023909
0.023573 0.023573
0.023241 0.023241
0.022913 0.022913
0.022588 0.022588
0.022268 0.022268
0.021952 0.021952
0.021639 0.021639
0.02133 0.02133
0.021025 0.021025
0.020723 0.020723
0.020425 0.020425
0.020131 0.020131
0.01984 0.01984
0.019553 0.019553
0.01927 0.01927
0.01899 0.01899
0.018713 0.018713
0.01844 0.01844
0.01817 0.01817
0.017904 0.017904
0.017641 0.017641
0.017381 0.017381
0.017125 0.017125
0.016872 0.016872
0.016622 0.016622
0.016375 0.016375
0.016131 0.016131
0.015891 0.015891
0.015653 0.015653
0.015419 0.015419
0.015188 0.015188
0.014959 0.014959
0.014734 0.014734
0.014511 0.014511
0.014292 0.014292
0.014075 0.014075
0.013861 0.013861
0.01365 0.01365
0.013441 0.013441
0.013236 0.013236
0.013033 0.013033
0.012833 0.012833
0.012635 0.012635
0.012441 0.012441
0.012248 0.012248
0.012059 0.012059
0.011872 0.011872
0.011687 0.011687
0.011505 0.011505
0.011325 0.011325
0.011148 0.011148
0.010973 0.010973
0.010801 0.010801
0.010631 0.010631
0.010463 0.010463
0.010298 0.010298
0.010135 0.010135
0.0099739 0.0099739
0.0098153 0.0098153
0.0096589 0.0096589
0.0095047 0.0095047
0.0093527 0.0093527
0.0092028 0.0092028
0.009055 0.009055
0.0089092 0.0089092
0.0087656 0.0087656
0.0086239 0.0086239
0.0084843 0.0084843
0.0083467 0.0083467
0.008211 0.008211
0.0080773 0.0080773
0.0079455 0.0079455
0.0078155 0.0078155
0.0076875 0.0076875
0.0075613 0.0075613
0.0074369 0.0074369
0.0073144 0.0073144
0.0071936 0.0071936
0.0070746 0.0070746
0.0069573 0.0069573
0.0068418 0.0068418
0.0067279 0.0067279
0.0066157 0.0066157
0.0065052 0.0065052
0.0063963 0.0063963
0.0062891 0.0062891
0.0061834 0.0061834
0.0060793 0.0060793
0.0059768 0.0059768
0.0058758 0.0058758
0.0057763 0.0057763
0.0056783 0.0056783
0.0055818 0.0055818
0.0054867 0.0054867
0.0053931 0.0053931
0.0053009 0.0053009
0.0052101 0.0052101
0.0051207 0.0051207
0.0050327 0.0050327
0.004946 0.004946
0.0048607 0.0048607
0.0047767 0.0047767
0.0046939 0.0046939
0.0046125 0.0046125
0.0045323 0.0045323
0.0044533 0.0044533
0.0043756 0.0043756
0.0042991 0.0042991
0.0042238 0.0042238
0.0041497 0.0041497
0.0040768 0.0040768
0.004005 0.004005
0.0039343 0.0039343
0.0038647 0.0038647
0.0037963 0.0037963
0.0037289 0.0037289
0.0036627 0.0036627
0.0035974 0.0035974
0.0035333 0.0035333
0.0034701 0.0034701
0.003408 0.003408
0.0033468 0.0033468
0.0032867 0.0032867
0.0032275 0.0032275
0.0031693 0.0031693
0.003112 0.003112
0.0030557 0.0030557
0.0030003 0.0030003
0.0029458 0.0029458
0.0028922 0.0028922
0.0028395 0.0028395
0.0027876 0.0027876
0.0027366 0.0027366
0.0026864 0.0026864
0.0026371 0.0026371
0.0025886 0.0025886
0.0025409 0.0025409
0.002494 0.002494
0.0024479 0.0024479
0.0024025 0.0024025
0.0023579 0.0023579
0.0023141 0.0023141
0.002271 0.002271
0.0022286 0.0022286
0.002187 0.002187
0.002146 0.002146
0.0021058 0.0021058
0.0020662 0.0020662
0.0020274 0.0020274
0.0019891 0.0019891
0.0019516 0.0019516
0.0019146 0.0019146
0.0018784 0.0018784
0.0018427 0.0018427
0.0018077 0.0018077
0.0017732 0.0017732
0.0017394 0.0017394
0.0017061 0.0017061
0.0016735 0.0016735
0.0016414 0.0016414
0.0016098 0.0016098
0.0015789 0.0015789
0.0015484 0.0015484
0.0015185 0.0015185
0.0014891 0.0014891
0.0014603 0.0014603
0.0014319 0.0014319
0.0014041 0.0014041
0.0013768 0.0013768
0.0013499 0.0013499
