0 0
0.001001 0
0.002002 0
0.003003 0
0.004004 0
0.005005 0
0.006006 0
0.007007 0
0.008008 0
0.009009 1.9763e-323
0.01001 5.2697e-313
0.011011 1.4518e-303
0.012012 5.8794e-295
0.013013 4.7592e-287
0.014014 9.7775e-280
0.015015 6.1609e-273
0.016016 1.387e-266
0.017017 1.2639e-260
0.018018 5.1702e-255
0.019019 1.0353e-249
0.02002 1.0919e-244
0.021021 6.458e-240
0.022022 2.2601e-235
0.023023 4.9039e-231
0.024024 6.8707e-227
0.025025 6.442e-223
0.026026 4.1712e-219
0.027027 1.9181e-215
0.028028 6.4216e-212
0.029029 1.6004e-208
0.03003 3.0294e-205
0.031031 4.4342e-202
0.032032 5.1014e-199
0.033033 4.682e-196
0.034034 3.4743e-193
0.035035 2.1104e-190
0.036036 1.0612e-187
0.037037 4.4635e-185
0.038038 1.5853e-182
0.039039 4.7964e-180
0.04004 1.2463e-177
0.041041 2.8019e-175
0.042042 5.4888e-173
0.043043 9.4293e-171
0.044044 1.4292e-168
0.045045 1.9218e-166
0.046046 2.305e-164
0.047047 2.4778e-162
0.048048 2.3983e-160
0.049049 2.0993e-158
0.05005 1.6684e-156
0.051051 1.2086e-154
0.052052 8.0081e-153
0.053053 4.8702e-151
0.054054 2.7272e-149
0.055055 1.4104e-147
0.056056 6.7553e-146
0.057057 3.0049e-144
0.058058 1.2445e-142
0.059059 4.8108e-141
0.06006 1.7397e-139
0.061061 5.8981e-138
0.062062 1.8787e-136
0.063063 5.6334e-135
0.064064 1.5932e-133
0.065065 4.2572e-132
0.066066 1.0767e-130
0.067067 2.5818e-129
0.068068 5.8781e-128
0.069069 1.2727e-126
0.07007 2.6242e-125
0.071071 5.1602e-124
0.072072 9.6891e-123
0.073073 1.7395e-121
0.074074 2.9894e-120
0.075075 4.9236e-119
0.076076 7.7805e-118
0.077077 1.1809e-116
0.078078 1.7234e-115
0.079079 2.4205e-114
0.08008 3.275e-113
0.081081 4.2728e-112
0.082082 5.3799e-111
0.083083 6.5429e-110
0.084084 7.6924e-109
0.085085 8.7497e-108
0.086086 9.636e-107
0.087087 1.0282e-105
0.088088 1.0639e-104
0.089089 1.0681e-103
0.09009 1.0411e-102
0.091091 9.8594e-102
0.092092 9.0772e-101
0.093093 8.1294e-100
0.094094 7.0863e-099
0.095095 6.0156e-098
0.096096 4.976e-097
0.097097 4.0128e-096
0.098098 3.1565e-095
0.099099 2.4231e-094
0.1001 1.8162e-093
0.1011 1.3297e-092
0.1021 9.5146e-092
0.1031 6.6562e-091
0.1041 4.5547e-090
0.10511 3.0497e-089
0.10611 1.999e-088
0.10711 1.2832e-087
0.10811 8.07e-087
0.10911 4.9738e-086
0.11011 3.0055e-085
0.11111 1.7811e-084
0.11211 1.0356e-083
0.11311 5.9093e-083
0.11411 3.3103e-082
0.11512 1.8211e-081
0.11612 9.8415e-081
0.11712 5.2262e-080
0.11812 2.7279e-079
0.11912 1.3999e-078
0.12012 7.0656e-078
0.12112 3.5081e-077
0.12212 1.7139e-076
0.12312 8.2416e-076
0.12412 3.9017e-075
0.12513 1.8189e-074
0.12613 8.3521e-074
0.12713 3.7784e-073
0.12813 1.6844e-072
0.12913 7.4011e-072
0.13013 3.206e-071
0.13113 1.3694e-070
0.13213 5.7692e-070
0.13313 2.3976e-069
0.13413 9.8313e-069
0.13514 3.9783e-068
0.13614 1.589e-067
0.13714 6.2655e-067
0.13814 2.4395e-066
0.13914 9.38e-066
0.14014 3.5626e-065
0.14114 1.3367e-064
0.14214 4.9558e-064
0.14314 1.8157e-063
0.14414 6.5753e-063
0.14515 2.3539e-062
0.14615 8.3315e-062
0.14715 2.916e-061
0.14815 1.0094e-060
0.14915 3.456e-060
0.15015 1.1706e-059
0.15115 3.9231e-059
0.15215 1.301e-058
0.15315 4.2699e-058
0.15415 1.3871e-057
0.15516 4.4608e-057
0.15616 1.4203e-056
0.15716 4.4776e-056
0.15816 1.3979e-055
0.15916 4.3224e-055
0.16016 1.3238e-054
0.16116 4.0167e-054
0.16216 1.2074e-053
0.16316 3.5963e-053
0.16416 1.0615e-052
0.16517 3.105e-052
0.16617 9.0025e-052
0.16717 2.5873e-051
0.16817 7.3719e-051
0.16917 2.0825e-050
0.17017 5.833e-050
0.17117 1.6202e-049
0.17217 4.4631e-049
0.17317 1.2194e-048
0.17417 3.3047e-048
0.17518 8.8844e-048
0.17618 2.3696e-047
0.17718 6.2706e-047
0.17818 1.6465e-046
0.17918 4.2903e-046
0.18018 1.1094e-045
0.18118 2.8474e-045
0.18218 7.2536e-045
0.18318 1.8342e-044
0.18418 4.6045e-044
0.18519 1.1475e-043
0.18619 2.8396e-043
0.18719 6.9768e-043
0.18819 1.7022e-042
0.18919 4.1243e-042
0.19019 9.9244e-042
0.19119 2.3719e-041
0.19219 5.6307e-041
0.19319 1.3278e-040
0.19419 3.1104e-040
0.1952 7.2386e-040
0.1962 1.6737e-039
0.1972 3.8451e-039
0.1982 8.7776e-039
0.1992 1.9911e-038
0.2002 4.4885e-038
0.2012 1.0056e-037
0.2022 2.2391e-037
0.2032 4.9553e-037
0.2042 1.0901e-036
0.20521 2.3837e-036
0.20621 5.1816e-036
0.20721 1.1198e-035
0.20821 2.4059e-035
0.20921 5.1393e-035
0.21021 1.0916e-034
0.21121 2.3054e-034
0.21221 4.8416e-034
0.21321 1.0112e-033
0.21421 2.1001e-033
0.21522 4.338e-033
0.21622 8.912e-033
0.21722 1.821e-032
0.21822 3.7012e-032
0.21922 7.4828e-032
0.22022 1.5049e-031
0.22122 3.0108e-031
0.22222 5.9925e-031
0.22322 1.1866e-030
0.22422 2.3377e-030
0.22523 4.5823e-030
0.22623 8.9373e-030
0.22723 1.7345e-029
0.22823 3.3495e-029
0.22923 6.4369e-029
0.23023 1.231e-028
0.23123 2.3429e-028
0.23223 4.4377e-028
0.23323 8.3659e-028
0.23423 1.5697e-027
0.23524 2.9315e-027
0.23624 5.4494e-027
0.23724 1.0083e-026
0.23824 1.8573e-026
0.23924 3.4055e-026
0.24024 6.2162e-026
0.24124 1.1296e-025
0.24224 2.0436e-025
0.24324 3.6809e-025
0.24424 6.601e-025
0.24525 1.1786e-024
0.24625 2.0954e-024
0.24725 3.7094e-024
0.24825 6.5385e-024
0.24925 1.1477e-023
0.25025 2.0061e-023
0.25125 3.4918e-023
0.25225 6.0529e-023
0.25325 1.0449e-022
0.25425 1.7965e-022
0.25526 3.0763e-022
0.25626 5.2464e-022
0.25726 8.9115e-022
0.25826 1.5077e-021
0.25926 2.5408e-021
0.26026 4.2649e-021
0.26126 7.1312e-021
0.26226 1.1877e-020
0.26326 1.9707e-020
0.26426 3.2572e-020
0.26527 5.3631e-020
0.26627 8.7973e-020
0.26727 1.4376e-019
0.26827 2.3406e-019
0.26927 3.7966e-019
0.27027 6.1357e-019
0.27127 9.8796e-019
0.27227 1.585e-018
0.27327 2.5337e-018
0.27427 4.0356e-018
0.27528 6.4048e-018
0.27628 1.0129e-017
0.27728 1.5962e-017
0.27828 2.5065e-017
0.27928 3.9224e-017
0.28028 6.1166e-017
0.28128 9.5056e-017
0.28228 1.4721e-016
0.28328 2.2722e-016
0.28428 3.495e-016
0.28529 5.358e-016
0.28629 8.1863e-016
0.28729 1.2466e-015
0.28829 1.892e-015
0.28929 2.8621e-015
0.29029 4.3153e-015
0.29129 6.4853e-015
0.29229 9.7147e-015
0.29329 1.4505e-014
0.29429 2.1589e-014
0.2953 3.2029e-014
0.2963 4.7367e-014
0.2973 6.9829e-014
0.2983 1.0262e-013
0.2993 1.5033e-013
0.3003 2.1955e-013
0.3013 3.1965e-013
0.3023 4.6394e-013
0.3033 6.7131e-013
0.3043 9.6841e-013
0.30531 1.3928e-012
0.30631 1.997e-012
0.30731 2.8548e-012
0.30831 4.0689e-012
0.30931 5.782e-012
0.31031 8.1922e-012
0.31131 1.1573e-011
0.31231 1.6301e-011
0.31331 2.2893e-011
0.31431 3.2058e-011
0.31532 4.4763e-011
0.31632 6.2323e-011
0.31732 8.6523e-011
0.31832 1.1978e-010
0.31932 1.6534e-010
0.32032 2.276e-010
0.32132 3.1242e-010
0.32232 4.2766e-010
0.32332 5.8376e-010
0.32432 7.9464e-010
0.32533 1.0787e-009
0.32633 1.4603e-009
0.32733 1.9716e-009
0.32833 2.6545e-009
0.32933 3.5643e-009
0.33033 4.7731e-009
0.33133 6.3746e-009
0.33233 8.4907e-009
0.33333 1.1279e-008
0.33433 1.4944e-008
0.33534 1.9747e-008
0.33634 2.6025e-008
0.33734 3.4209e-008
0.33834 4.485e-008
0.33934 5.8649e-008
0.34034 7.6495e-008
0.34134 9.9514e-008
0.34234 1.2913e-007
0.34334 1.6713e-007
0.34434 2.1576e-007
0.34535 2.7784e-007
0.34635 3.5689e-007
0.34735 4.5726e-007
0.34835 5.8441e-007
0.34935 7.4505e-007
0.35035 9.4749e-007
0.35135 1.202e-006
0.35235 1.521e-006
0.35335 1.9201e-006
0.35435 2.4179e-006
0.35536 3.0374e-006
0.35636 3.8065e-006
0.35736 4.7587e-006
0.35836 5.9348e-006
0.35936 7.3839e-006
0.36036 9.1649e-006
0.36136 1.1348e-005
0.36236 1.4019e-005
0.36336 1.7277e-005
0.36436 2.1243e-005
0.36537 2.6058e-005
0.36637 3.189e-005
0.36737 3.8936e-005
0.36837 4.743e-005
0.36937 5.7644e-005
0.37037 6.9896e-005
0.37137 8.4559e-005
0.37237 0.00010207
0.37337 0.00012292
0.37437 0.00014769
0.37538 0.00017707
0.37638 0.00021181
0.37738 0.00025279
0.37838 0.00030105
0.37938 0.00035771
0.38038 0.00042411
0.38138 0.00050172
0.38238 0.00059224
0.38338 0.00069756
0.38438 0.00081983
0.38539 0.00096145
0.38639 0.0011251
0.38739 0.0013138
0.38839 0.0015308
0.38939 0.0017799
0.39039 0.0020652
0.39139 0.0023911
0.39239 0.0027626
0.39339 0.0031851
0.39439 0.0036647
0.3954 0.0042076
0.3964 0.004821
0.3974 0.0055124
0.3984 0.0062901
0.3994 0.0071628
0.4004 0.0081399
0.4014 0.0092317
0.4024 0.010449
0.4034 0.011803
0.4044 0.013305
0.40541 0.014969
0.40641 0.016808
0.40741 0.018835
0.40841 0.021066
0.40941 0.023515
0.41041 0.026197
0.41141 0.029129
0.41241 0.032327
0.41341 0.035808
0.41441 0.039588
0.41542 0.043684
0.41642 0.048112
0.41742 0.052891
0.41842 0.058036
0.41942 0.063564
0.42042 0.069491
0.42142 0.075831
0.42242 0.082599
0.42342 0.089809
0.42442 0.097472
0.42543 0.1056
0.42643 0.11421
0.42743 0.1233
0.42843 0.13288
0.42943 0.14295
0.43043 0.15353
0.43143 0.1646
0.43243 0.17618
0.43343 0.18826
0.43443 0.20083
0.43544 0.21388
0.43644 0.22741
0.43744 0.24141
0.43844 0.25585
0.43944 0.27073
0.44044 0.28602
0.44144 0.30171
0.44244 0.31776
0.44344 0.33416
0.44444 0.35088
0.44545 0.36789
0.44645 0.38515
0.44745 0.40265
0.44845 0.42033
0.44945 0.43817
0.45045 0.45613
0.45145 0.47418
0.45245 0.49227
0.45345 0.51038
0.45445 0.52846
0.45546 0.54648
0.45646 0.5644
0.45746 0.58218
0.45846 0.59979
0.45946 0.6172
0.46046 0.63437
0.46146 0.65127
0.46246 0.66788
0.46346 0.68415
0.46446 0.70008
0.46547 0.71563
0.46647 0.73078
0.46747 0.74551
0.46847 0.7598
0.46947 0.77365
0.47047 0.78703
0.47147 0.79993
0.47247 0.81235
0.47347 0.82429
0.47447 0.83572
0.47548 0.84667
0.47648 0.85711
0.47748 0.86707
0.47848 0.87653
0.47948 0.88551
0.48048 0.89402
0.48148 0.90206
0.48248 0.90964
0.48348 0.91678
0.48448 0.92348
0.48549 0.92977
0.48649 0.93564
0.48749 0.94113
0.48849 0.94625
0.48949 0.95101
0.49049 0.95542
0.49149 0.95951
0.49249 0.96328
0.49349 0.96677
0.49449 0.96998
0.4955 0.97292
0.4965 0.97562
0.4975 0.9781
0.4985 0.98035
0.4995 0.98241
0.5005 0.98428
0.5015 0.98597
0.5025 0.98751
0.5035 0.9889
0.5045 0.99015
0.50551 0.99128
0.50651 0.99229
0.50751 0.9932
0.50851 0.99401
0.50951 0.99473
0.51051 0.99538
0.51151 0.99595
0.51251 0.99646
0.51351 0.99692
0.51451 0.99731
0.51552 0.99767
0.51652 0.99798
0.51752 0.99825
0.51852 0.99849
0.51952 0.99869
0.52052 0.99888
0.52152 0.99903
0.52252 0.99917
0.52352 0.99929
0.52452 0.99939
0.52553 0.99948
0.52653 0.99956
0.52753 0.99963
0.52853 0.99968
0.52953 0.99973
0.53053 0.99977
0.53153 0.99981
0.53253 0.99984
0.53353 0.99987
0.53453 0.99989
0.53554 0.99991
0.53654 0.99992
0.53754 0.99993
0.53854 0.99995
0.53954 0.99996
0.54054 0.99996
0.54154 0.99997
0.54254 0.99997
0.54354 0.99998
0.54454 0.99998
0.54555 0.99999
0.54655 0.99999
0.54755 0.99999
0.54855 0.99999
0.54955 0.99999
0.55055 0.99999
0.55155 1
0.55255 1
0.55355 1
0.55455 1
0.55556 1
0.55656 1
0.55756 1
0.55856 1
0.55956 1
0.56056 1
0.56156 1
0.56256 1
0.56356 1
0.56456 1
0.56557 1
0.56657 1
0.56757 1
0.56857 1
0.56957 1
0.57057 1
0.57157 1
0.57257 1
0.57357 1
0.57457 1
0.57558 1
0.57658 1
0.57758 1
0.57858 1
0.57958 1
0.58058 1
0.58158 1
0.58258 1
0.58358 1
0.58458 1
0.58559 1
0.58659 1
0.58759 1
0.58859 1
0.58959 1
0.59059 1
0.59159 1
0.59259 1
0.59359 1
0.59459 1
0.5956 1
0.5966 1
0.5976 1
0.5986 1
0.5996 1
0.6006 1
0.6016 1
0.6026 1
0.6036 1
0.6046 1
0.60561 1
0.60661 1
0.60761 1
0.60861 1
0.60961 1
0.61061 1
0.61161 1
0.61261 1
0.61361 1
0.61461 1
0.61562 1
0.61662 1
0.61762 1
0.61862 1
0.61962 1
0.62062 1
0.62162 1
0.62262 1
0.62362 1
0.62462 1
0.62563 1
0.62663 1
0.62763 1
0.62863 1
0.62963 1
0.63063 1
0.63163 1
0.63263 1
0.63363 1
0.63463 1
0.63564 1
0.63664 1
0.63764 1
0.63864 1
0.63964 1
0.64064 1
0.64164 1
0.64264 1
0.64364 1
0.64464 1
0.64565 1
0.64665 1
0.64765 1
0.64865 1
0.64965 1
0.65065 1
0.65165 1
0.65265 1
0.65365 1
0.65465 1
0.65566 1
0.65666 1
0.65766 1
0.65866 1
0.65966 1
0.66066 1
0.66166 1
0.66266 1
0.66366 1
0.66466 1
0.66567 1
0.66667 1
0.66767 1
0.66867 1
0.66967 1
0.67067 1
0.67167 1
0.67267 1
0.67367 1
0.67467 1
0.67568 1
0.67668 1
0.67768 1
0.67868 1
0.67968 1
0.68068 1
0.68168 1
0.68268 1
0.68368 1
0.68468 1
0.68569 1
0.68669 1
0.68769 1
0.68869 1
0.68969 1
0.69069 1
0.69169 1
0.69269 1
0.69369 1
0.69469 1
0.6957 1
0.6967 1
0.6977 1
0.6987 1
0.6997 1
0.7007 1
0.7017 1
0.7027 1
0.7037 1
0.7047 1
0.70571 1
0.70671 1
0.70771 1
0.70871 1
0.70971 1
0.71071 1
0.71171 1
0.71271 1
0.71371 1
0.71471 1
0.71572 1
0.71672 1
0.71772 1
0.71872 1
0.71972 1
0.72072 1
0.72172 1
0.72272 1
0.72372 1
0.72472 1
0.72573 1
0.72673 1
0.72773 1
0.72873 1
0.72973 1
0.73073 1
0.73173 1
0.73273 1
0.73373 1
0.73473 1
0.73574 1
0.73674 1
0.73774 1
0.73874 1
0.73974 1
0.74074 1
0.74174 1
0.74274 1
0.74374 1
0.74474 1
0.74575 1
0.74675 1
0.74775 1
0.74875 1
0.74975 1
0.75075 1
0.75175 1
0.75275 1
0.75375 1
0.75475 1
0.75576 1
0.75676 1
0.75776 1
0.75876 1
0.75976 1
0.76076 1
0.76176 1
0.76276 1
0.76376 1
0.76476 1
0.76577 1
0.76677 1
0.76777 1
0.76877 1
0.76977 1
0.77077 1
0.77177 1
0.77277 1
0.77377 1
0.77477 1
0.77578 1
0.77678 1
0.77778 1
0.77878 1
0.77978 1
0.78078 1
0.78178 1
0.78278 1
0.78378 1
0.78478 1
0.78579 1
0.78679 1
0.78779 1
0.78879 1
0.78979 1
0.79079 1
0.79179 1
0.79279 1
0.79379 1
0.79479 1
0.7958 1
0.7968 1
0.7978 1
0.7988 1
0.7998 1
0.8008 1
0.8018 1
0.8028 1
0.8038 1
0.8048 1
0.80581 1
0.80681 1
0.80781 1
0.80881 1
0.80981 1
0.81081 1
0.81181 1
0.81281 1
0.81381 1
0.81481 1
0.81582 1
0.81682 1
0.81782 1
0.81882 1
0.81982 1
0.82082 1
0.82182 1
0.82282 1
0.82382 1
0.82482 1
0.82583 1
0.82683 1
0.82783 1
0.82883 1
0.82983 1
0.83083 1
0.83183 1
0.83283 1
0.83383 1
0.83483 1
0.83584 1
0.83684 1
0.83784 1
0.83884 1
0.83984 1
0.84084 1
0.84184 1
0.84284 1
0.84384 1
0.84484 1
0.84585 1
0.84685 1
0.84785 1
0.84885 1
0.84985 1
0.85085 1
0.85185 1
0.85285 1
0.85385 1
0.85485 1
0.85586 1
0.85686 1
0.85786 1
0.85886 1
0.85986 1
0.86086 1
0.86186 1
0.86286 1
0.86386 1
0.86486 1
0.86587 1
0.86687 1
0.86787 1
0.86887 1
0.86987 1
0.87087 1
0.87187 1
0.87287 1
0.87387 1
0.87487 1
0.87588 1
0.87688 1
0.87788 1
0.87888 1
0.87988 1
0.88088 1
0.88188 1
0.88288 1
0.88388 1
0.88488 1
0.88589 1
0.88689 1
0.88789 1
0.88889 1
0.88989 1
0.89089 1
0.89189 1
0.89289 1
0.89389 1
0.89489 1
0.8959 1
0.8969 1
0.8979 1
0.8989 1
0.8999 1
0.9009 1
0.9019 1
0.9029 1
0.9039 1
0.9049 1
0.90591 1
0.90691 1
0.90791 1
0.90891 1
0.90991 1
0.91091 1
0.91191 1
0.91291 1
0.91391 1
0.91491 1
0.91592 1
0.91692 1
0.91792 1
0.91892 1
0.91992 1
0.92092 1
0.92192 1
0.92292 1
0.92392 1
0.92492 1
0.92593 1
0.92693 1
0.92793 1
0.92893 1
0.92993 1
0.93093 1
0.93193 1
0.93293 1
0.93393 1
0.93493 1
0.93594 1
0.93694 1
0.93794 1
0.93894 1
0.93994 1
0.94094 1
0.94194 1
0.94294 1
0.94394 1
0.94494 1
0.94595 1
0.94695 1
0.94795 1
0.94895 1
0.94995 1
0.95095 1
0.95195 1
0.95295 1
0.95395 1
0.95495 1
0.95596 1
0.95696 1
0.95796 1
0.95896 1
0.95996 1
0.96096 1
0.96196 1
0.96296 1
0.96396 1
0.96496 1
0.96597 1
0.96697 1
0.96797 1
0.96897 1
0.96997 1
0.97097 1
0.97197 1
0.97297 1
0.97397 1
0.97497 1
0.97598 1
0.97698 1
0.97798 1
0.97898 1
0.97998 1
0.98098 1
0.98198 1
0.98298 1
0.98398 1
0.98498 1
0.98599 1
0.98699 1
0.98799 1
0.98899 1
0.98999 1
0.99099 1
0.99199 1
0.99299 1
0.99399 1
0.99499 1
0.996 1
0.997 1
0.998 1
0.999 1
1 1
