0.99865 1
0.99862 1
0.9986 1
0.99857 1
0.99854 1
0.99851 1
0.99848 1
0.99845 1
0.99842 1
0.99839 1
0.99836 1
0.99833 1
0.99829 1
0.99826 1
0.99823 1
0.99819 1
0.99816 1
0.99812 1
0.99809 1
0.99805 1
0.99801 1
0.99797 1
0.99793 1
0.99789 1
0.99785 1
0.99781 1
0.99777 1
0.99773 1
0.99769 1
0.99764 1
0.9976 1
0.99755 1
0.99751 1
0.99746 1
0.99741 1
0.99736 1
0.99731 1
0.99726 1
0.99721 1
0.99716 1
0.99711 1
0.99705 1
0.997 1
0.99694 1
0.99689 1
0.99683 1
0.99677 1
0.99671 1
0.99665 1
0.99659 1
0.99653 1
0.99647 1
0.9964 1
0.99634 1
0.99627 1
0.9962 1
0.99614 1
0.99607 1
0.996 1
0.99592 1
0.99585 1
0.99578 1
0.9957 1
0.99562 1
0.99555 1
0.99547 1
0.99539 1
0.99531 1
0.99522 1
0.99514 1
0.99505 1
0.99497 1
0.99488 1
0.99479 1
0.9947 1
0.99461 1
0.99451 1
0.99442 1
0.99432 1
0.99422 1
0.99412 1
0.99402 1
0.99392 1
0.99382 1
0.99371 1
0.9936 1
0.99349 1
0.99338 1
0.99327 1
0.99316 1
0.99304 1
0.99293 1
0.99281 1
0.99269 1
0.99256 1
0.99244 1
0.99231 1
0.99218 1
0.99205 0.99999
0.99192 0.99999
0.99179 0.99999
0.99165 0.99999
0.99152 0.99999
0.99138 0.99999
0.99123 0.99999
0.99109 0.99999
0.99095 0.99999
0.9908 0.99999
0.99065 0.99999
0.9905 0.99999
0.99034 0.99999
0.99018 0.99999
0.99003 0.99999
0.98987 0.99999
0.9897 0.99999
0.98954 0.99999
0.98937 0.99999
0.9892 0.99999
0.98903 0.99999
0.98885 0.99999
0.98867 0.99999
0.9885 0.99999
0.98831 0.99999
0.98813 0.99999
0.98794 0.99999
0.98775 0.99999
0.98756 0.99999
0.98736 0.99999
0.98717 0.99999
0.98697 0.99999
0.98676 0.99999
0.98656 0.99999
0.98635 0.99999
0.98614 0.99999
0.98593 0.99999
0.98571 0.99999
0.98549 0.99999
0.98527 0.99999
0.98504 0.99998
0.98481 0.99998
0.98458 0.99998
0.98435 0.99998
0.98411 0.99998
0.98387 0.99998
0.98363 0.99998
0.98338 0.99998
0.98313 0.99998
0.98288 0.99998
0.98262 0.99998
0.98236 0.99998
0.9821 0.99998
0.98183 0.99998
0.98156 0.99998
0.98129 0.99998
0.98101 0.99998
0.98073 0.99998
0.98045 0.99998
0.98016 0.99998
0.97987 0.99997
0.97957 0.99997
0.97928 0.99997
0.97898 0.99997
0.97867 0.99997
0.97836 0.99997
0.97805 0.99997
0.97773 0.99997
0.97741 0.99997
0.97709 0.99997
0.97676 0.99997
0.97643 0.99997
0.97609 0.99997
0.97575 0.99996
0.97541 0.99996
0.97506 0.99996
0.97471 0.99996
0.97435 0.99996
0.97399 0.99996
0.97362 0.99996
0.97325 0.99996
0.97288 0.99996
0.9725 0.99996
0.97212 0.99995
0.97173 0.99995
0.97134 0.99995
0.97095 0.99995
0.97055 0.99995
0.97014 0.99995
0.96973 0.99995
0.96932 0.99995
0.9689 0.99994
0.96848 0.99994
0.96805 0.99994
0.96762 0.99994
0.96718 0.99994
0.96673 0.99994
0.96629 0.99994
0.96583 0.99993
0.96538 0.99993
0.96491 0.99993
0.96445 0.99993
0.96397 0.99993
0.9635 0.99993
0.96301 0.99992
0.96253 0.99992
0.96203 0.99992
0.96153 0.99992
0.96103 0.99992
0.96052 0.99991
0.96001 0.99991
0.95949 0.99991
0.95896 0.99991
0.95843 0.99991
0.95789 0.9999
0.95735 0.9999
0.9568 0.9999
0.95625 0.9999
0.95569 0.99989
0.95512 0.99989
0.95455 0.99989
0.95398 0.99989
0.95339 0.99988
0.9528 0.99988
0.95221 0.99988
0.95161 0.99987
0.951 0.99987
0.95039 0.99987
0.94977 0.99987
0.94915 0.99986
0.94852 0.99986
0.94788 0.99986
0.94724 0.99985
0.94659 0.99985
0.94593 0.99984
0.94527 0.99984
0.9446 0.99984
0.94392 0.99983
0.94324 0.99983
0.94255 0.99983
0.94186 0.99982
0.94116 0.99982
0.94045 0.99981
0.93973 0.99981
0.93901 0.9998
0.93829 0.9998
0.93755 0.9998
0.93681 0.99979
0.93606 0.99979
0.93531 0.99978
0.93454 0.99978
0.93377 0.99977
0.933 0.99977
0.93221 0.99976
0.93142 0.99976
0.93063 0.99975
0.92982 0.99974
0.92901 0.99974
0.92819 0.99973
0.92737 0.99973
0.92653 0.99972
0.92569 0.99971
0.92485 0.99971
0.92399 0.9997
0.92313 0.99969
0.92226 0.99969
0.92138 0.99968
0.92049 0.99967
0.9196 0.99967
0.9187 0.99966
0.91779 0.99965
0.91688 0.99964
0.91596 0.99964
0.91503 0.99963
0.91409 0.99962
0.91314 0.99961
0.91219 0.9996
0.91123 0.99959
0.91026 0.99958
0.90928 0.99958
0.9083 0.99957
0.9073 0.99956
0.9063 0.99955
0.90529 0.99954
0.90428 0.99953
0.90325 0.99952
0.90222 0.99951
0.90118 0.9995
0.90013 0.99949
0.89907 0.99947
0.89801 0.99946
0.89693 0.99945
0.89585 0.99944
0.89476 0.99943
0.89366 0.99942
0.89256 0.9994
0.89144 0.99939
0.89032 0.99938
0.88919 0.99936
0.88805 0.99935
0.8869 0.99934
0.88574 0.99932
0.88458 0.99931
0.88341 0.99929
0.88223 0.99928
0.88104 0.99926
0.87984 0.99925
0.87863 0.99923
0.87742 0.99922
0.87619 0.9992
0.87496 0.99918
0.87372 0.99917
0.87247 0.99915
0.87121 0.99913
0.86994 0.99911
0.86867 0.9991
0.86738 0.99908
0.86609 0.99906
0.86479 0.99904
0.86348 0.99902
0.86216 0.999
0.86084 0.99898
0.8595 0.99896
0.85816 0.99894
0.8568 0.99892
0.85544 0.99889
0.85407 0.99887
0.85269 0.99885
0.8513 0.99883
0.84991 0.9988
0.8485 0.99878
0.84709 0.99875
0.84567 0.99873
0.84423 0.9987
0.84279 0.99868
0.84134 0.99865
0.83989 0.99862
0.83842 0.9986
0.83695 0.99857
0.83546 0.99854
0.83397 0.99851
0.83247 0.99848
0.83096 0.99845
0.82944 0.99842
0.82791 0.99839
0.82638 0.99836
0.82483 0.99833
0.82328 0.99829
0.82172 0.99826
0.82014 0.99823
0.81856 0.99819
0.81698 0.99816
0.81538 0.99812
0.81377 0.99809
0.81216 0.99805
0.81054 0.99801
0.80891 0.99797
0.80727 0.99793
0.80562 0.99789
0.80396 0.99785
0.8023 0.99781
0.80062 0.99777
0.79894 0.99773
0.79725 0.99769
0.79555 0.99764
0.79384 0.9976
0.79212 0.99755
0.7904 0.99751
0.78867 0.99746
0.78692 0.99741
0.78517 0.99736
0.78342 0.99731
0.78165 0.99726
0.77988 0.99721
0.77809 0.99716
0.7763 0.99711
0.7745 0.99705
0.77269 0.997
0.77088 0.99694
0.76905 0.99689
0.76722 0.99683
0.76538 0.99677
0.76353 0.99671
0.76168 0.99665
0.75981 0.99659
0.75794 0.99653
0.75606 0.99647
0.75418 0.9964
0.75228 0.99634
0.75038 0.99627
0.74847 0.9962
0.74655 0.99614
0.74462 0.99607
0.74269 0.996
0.74075 0.99592
0.7388 0.99585
0.73684 0.99578
0.73488 0.9957
0.7329 0.99562
0.73093 0.99555
0.72894 0.99547
0.72695 0.99539
0.72495 0.99531
0.72294 0.99522
0.72092 0.99514
0.7189 0.99505
0.71687 0.99497
0.71484 0.99488
0.71279 0.99479
0.71074 0.9947
0.70869 0.99461
0.70662 0.99451
0.70455 0.99442
0.70247 0.99432
0.70039 0.99422
0.6983 0.99412
0.6962 0.99402
0.6941 0.99392
0.69199 0.99382
0.68987 0.99371
0.68775 0.9936
0.68562 0.99349
0.68349 0.99338
0.68135 0.99327
0.6792 0.99316
0.67705 0.99304
0.67489 0.99293
0.67272 0.99281
0.67055 0.99269
0.66838 0.99256
0.66619 0.99244
0.66401 0.99231
0.66181 0.99218
0.65961 0.99205
0.65741 0.99192
0.6552 0.99179
0.65299 0.99165
0.65077 0.99152
0.64854 0.99138
0.64631 0.99123
0.64407 0.99109
0.64183 0.99095
0.63959 0.9908
0.63734 0.99065
0.63508 0.9905
0.63282 0.99034
0.63056 0.99018
0.62829 0.99003
0.62602 0.98987
0.62374 0.9897
0.62146 0.98954
0.61917 0.98937
0.61688 0.9892
0.61459 0.98903
0.61229 0.98885
0.60998 0.98867
0.60768 0.9885
0.60537 0.98831
0.60305 0.98813
0.60074 0.98794
0.59842 0.98775
0.59609 0.98756
0.59376 0.98736
0.59143 0.98717
0.5891 0.98697
0.58676 0.98676
0.58442 0.98656
0.58208 0.98635
0.57973 0.98614
0.57738 0.98593
0.57503 0.98571
0.57267 0.98549
0.57032 0.98527
0.56796 0.98504
0.56559 0.98481
0.56323 0.98458
0.56086 0.98435
0.55849 0.98411
0.55612 0.98387
0.55375 0.98363
0.55137 0.98338
0.549 0.98313
0.54662 0.98288
0.54424 0.98262
0.54185 0.98236
0.53947 0.9821
0.53709 0.98183
0.5347 0.98156
0.53231 0.98129
0.52992 0.98101
0.52753 0.98073
0.52514 0.98045
0.52275 0.98016
0.52036 0.97987
0.51796 0.97957
0.51557 0.97928
0.51318 0.97898
0.51078 0.97867
0.50839 0.97836
0.50599 0.97805
0.50359 0.97773
0.5012 0.97741
0.4988 0.97709
0.49641 0.97676
0.49401 0.97643
0.49161 0.97609
0.48922 0.97575
0.48682 0.97541
0.48443 0.97506
0.48204 0.97471
0.47964 0.97435
0.47725 0.97399
0.47486 0.97362
0.47247 0.97325
0.47008 0.97288
0.46769 0.9725
0.4653 0.97212
0.46291 0.97173
0.46053 0.97134
0.45815 0.97095
0.45576 0.97055
0.45338 0.97014
0.451 0.96973
0.44863 0.96932
0.44625 0.9689
0.44388 0.96848
0.44151 0.96805
0.43914 0.96762
0.43677 0.96718
0.43441 0.96673
0.43204 0.96629
0.42968 0.96583
0.42733 0.96538
0.42497 0.96491
0.42262 0.96445
0.42027 0.96397
0.41792 0.9635
0.41558 0.96301
0.41324 0.96253
0.4109 0.96203
0.40857 0.96153
0.40624 0.96103
0.40391 0.96052
0.40158 0.96001
0.39926 0.95949
0.39695 0.95896
0.39463 0.95843
0.39232 0.95789
0.39002 0.95735
0.38771 0.9568
0.38541 0.95625
0.38312 0.95569
0.38083 0.95512
0.37854 0.95455
0.37626 0.95398
0.37398 0.95339
0.37171 0.9528
0.36944 0.95221
0.36718 0.95161
0.36492 0.951
0.36266 0.95039
0.36041 0.94977
0.35817 0.94915
0.35593 0.94852
0.35369 0.94788
0.35146 0.94724
0.34923 0.94659
0.34701 0.94593
0.3448 0.94527
0.34259 0.9446
0.34039 0.94392
0.33819 0.94324
0.33599 0.94255
0.33381 0.94186
0.33162 0.94116
0.32945 0.94045
0.32728 0.93973
0.32511 0.93901
0.32295 0.93829
0.3208 0.93755
0.31865 0.93681
0.31651 0.93606
0.31438 0.93531
0.31225 0.93454
0.31013 0.93377
0.30801 0.933
0.3059 0.93221
0.3038 0.93142
0.3017 0.93063
0.29961 0.92982
0.29753 0.92901
0.29545 0.92819
0.29338 0.92737
0.29131 0.92653
0.28926 0.92569
0.28721 0.92485
0.28516 0.92399
0.28313 0.92313
0.2811 0.92226
0.27908 0.92138
0.27706 0.92049
0.27505 0.9196
0.27305 0.9187
0.27106 0.91779
0.26907 0.91688
0.2671 0.91596
0.26512 0.91503
0.26316 0.91409
0.2612 0.91314
0.25925 0.91219
0.25731 0.91123
0.25538 0.91026
0.25345 0.90928
0.25153 0.9083
0.24962 0.9073
0.24772 0.9063
0.24582 0.90529
0.24394 0.90428
0.24206 0.90325
0.24019 0.90222
0.23832 0.90118
0.23647 0.90013
0.23462 0.89907
0.23278 0.89801
0.23095 0.89693
0.22912 0.89585
0.22731 0.89476
0.2255 0.89366
0.2237 0.89256
0.22191 0.89144
0.22012 0.89032
0.21835 0.88919
0.21658 0.88805
0.21483 0.8869
0.21308 0.88574
0.21133 0.88458
0.2096 0.88341
0.20788 0.88223
0.20616 0.88104
0.20445 0.87984
0.20275 0.87863
0.20106 0.87742
0.19938 0.87619
0.1977 0.87496
0.19604 0.87372
0.19438 0.87247
0.19273 0.87121
0.19109 0.86994
0.18946 0.86867
0.18784 0.86738
0.18623 0.86609
0.18462 0.86479
0.18302 0.86348
0.18144 0.86216
0.17986 0.86084
0.17828 0.8595
0.17672 0.85816
0.17517 0.8568
0.17362 0.85544
0.17209 0.85407
0.17056 0.85269
0.16904 0.8513
0.16753 0.84991
0.16603 0.8485
0.16454 0.84709
0.16305 0.84567
0.16158 0.84423
0.16011 0.84279
0.15866 0.84134
0.15721 0.83989
0.15577 0.83842
0.15433 0.83695
0.15291 0.83546
0.1515 0.83397
0.15009 0.83247
0.1487 0.83096
0.14731 0.82944
0.14593 0.82791
0.14456 0.82638
0.1432 0.82483
0.14184 0.82328
0.1405 0.82172
0.13916 0.82014
0.13784 0.81856
0.13652 0.81698
0.13521 0.81538
0.13391 0.81377
0.13262 0.81216
0.13133 0.81054
0.13006 0.80891
0.12879 0.80727
0.12753 0.80562
0.12628 0.80396
0.12504 0.8023
0.12381 0.80062
0.12258 0.79894
0.12137 0.79725
0.12016 0.79555
0.11896 0.79384
0.11777 0.79212
0.11659 0.7904
0.11542 0.78867
0.11426 0.78692
0.1131 0.78517
0.11195 0.78342
0.11081 0.78165
0.10968 0.77988
0.10856 0.77809
0.10744 0.7763
0.10634 0.7745
0.10524 0.77269
0.10415 0.77088
0.10307 0.76905
0.10199 0.76722
0.10093 0.76538
0.099872 0.76353
0.098823 0.76168
0.097782 0.75981
0.096749 0.75794
0.095724 0.75606
0.094707 0.75418
0.093699 0.75228
0.092698 0.75038
0.091705 0.74847
0.09072 0.74655
0.089743 0.74462
0.088773 0.74269
0.087812 0.74075
0.086858 0.7388
0.085912 0.73684
0.084974 0.73488
0.084043 0.7329
0.08312 0.73093
0.082205 0.72894
0.081298 0.72695
0.080398 0.72495
0.079505 0.72294
0.07862 0.72092
0.077743 0.7189
0.076873 0.71687
0.07601 0.71484
0.075155 0.71279
0.074307 0.71074
0.073466 0.70869
0.072633 0.70662
0.071807 0.70455
0.070989 0.70247
0.070177 0.70039
0.069373 0.6983
0.068575 0.6962
0.067785 0.6941
0.067002 0.69199
0.066226 0.68987
0.065457 0.68775
0.064694 0.68562
0.063939 0.68349
0.063191 0.68135
0.062449 0.6792
0.061714 0.67705
0.060986 0.67489
0.060265 0.67272
0.05955 0.67055
0.058843 0.66838
0.058141 0.66619
0.057446 0.66401
0.056758 0.66181
0.056077 0.65961
0.055401 0.65741
0.054733 0.6552
0.05407 0.65299
0.053414 0.65077
0.052765 0.64854
0.052121 0.64631
0.051484 0.64407
0.050853 0.64183
0.050228 0.63959
0.04961 0.63734
0.048997 0.63508
0.048391 0.63282
0.04779 0.63056
0.047196 0.62829
0.046607 0.62602
0.046025 0.62374
0.045448 0.62146
0.044877 0.61917
0.044312 0.61688
0.043752 0.61459
0.043199 0.61229
0.042651 0.60998
0.042108 0.60768
0.041572 0.60537
0.04104 0.60305
0.040515 0.60074
0.039994 0.59842
0.03948 0.59609
0.03897 0.59376
0.038466 0.59143
0.037968 0.5891
0.037474 0.58676
0.036986 0.58442
0.036503 0.58208
0.036025 0.57973
0.035553 0.57738
0.035085 0.57503
0.034623 0.57267
0.034165 0.57032
0.033713 0.56796
0.033265 0.56559
0.032822 0.56323
0.032385 0.56086
0.031952 0.55849
0.031524 0.55612
0.0311 0.55375
0.030681 0.55137
0.030267 0.549
0.029858 0.54662
0.029453 0.54424
0.029053 0.54185
0.028657 0.53947
0.028266 0.53709
0.02788 0.5347
0.027497 0.53231
0.027119 0.52992
0.026746 0.52753
0.026377 0.52514
0.026012 0.52275
0.025651 0.52036
0.025294 0.51796
0.024942 0.51557
0.024594 0.51318
0.024249 0.51078
0.023909 0.50839
0.023573 0.50599
0.023241 0.50359
0.022913 0.5012
0.022588 0.4988
0.022268 0.49641
0.021952 0.49401
0.021639 0.49161
0.02133 0.48922
0.021025 0.48682
0.020723 0.48443
0.020425 0.48204
0.020131 0.47964
0.01984 0.47725
0.019553 0.47486
0.01927 0.47247
0.01899 0.47008
0.018713 0.46769
0.01844 0.4653
0.01817 0.46291
0.017904 0.46053
0.017641 0.45815
0.017381 0.45576
0.017125 0.45338
0.016872 0.451
0.016622 0.44863
0.016375 0.44625
0.016131 0.44388
0.015891 0.44151
0.015653 0.43914
0.015419 0.43677
0.015188 0.43441
0.014959 0.43204
0.014734 0.42968
0.014511 0.42733
0.014292 0.42497
0.014075 0.42262
0.013861 0.42027
0.01365 0.41792
0.013441 0.41558
0.013236 0.41324
0.013033 0.4109
0.012833 0.40857
0.012635 0.40624
0.012441 0.40391
0.012248 0.40158
0.012059 0.39926
0.011872 0.39695
0.011687 0.39463
0.011505 0.39232
0.011325 0.39002
0.011148 0.38771
0.010973 0.38541
0.010801 0.38312
0.010631 0.38083
0.010463 0.37854
0.010298 0.37626
0.010135 0.37398
0.0099739 0.37171
0.0098153 0.36944
0.0096589 0.36718
0.0095047 0.36492
0.0093527 0.36266
0.0092028 0.36041
0.009055 0.35817
0.0089092 0.35593
0.0087656 0.35369
0.0086239 0.35146
0.0084843 0.34923
0.0083467 0.34701
0.008211 0.3448
0.0080773 0.34259
0.0079455 0.34039
0.0078155 0.33819
0.0076875 0.33599
0.0075613 0.33381
0.0074369 0.33162
0.0073144 0.32945
0.0071936 0.32728
0.0070746 0.32511
0.0069573 0.32295
0.0068418 0.3208
0.0067279 0.31865
0.0066157 0.31651
0.0065052 0.31438
0.0063963 0.31225
0.0062891 0.31013
0.0061834 0.30801
0.0060793 0.3059
0.0059768 0.3038
0.0058758 0.3017
0.0057763 0.29961
0.0056783 0.29753
0.0055818 0.29545
0.0054867 0.29338
0.0053931 0.29131
0.0053009 0.28926
0.0052101 0.28721
0.0051207 0.28516
0.0050327 0.28313
0.004946 0.2811
0.0048607 0.27908
0.0047767 0.27706
0.0046939 0.27505
0.0046125 0.27305
0.0045323 0.27106
0.0044533 0.26907
0.0043756 0.2671
0.0042991 0.26512
0.0042238 0.26316
0.0041497 0.2612
0.0040768 0.25925
0.004005 0.25731
0.0039343 0.25538
0.0038647 0.25345
0.0037963 0.25153
0.0037289 0.24962
0.0036627 0.24772
0.0035974 0.24582
0.0035333 0.24394
0.0034701 0.24206
0.003408 0.24019
0.0033468 0.23832
0.0032867 0.23647
0.0032275 0.23462
0.0031693 0.23278
0.003112 0.23095
0.0030557 0.22912
0.0030003 0.22731
0.0029458 0.2255
0.0028922 0.2237
0.0028395 0.22191
0.0027876 0.22012
0.0027366 0.21835
0.0026864 0.21658
0.0026371 0.21483
0.0025886 0.21308
0.0025409 0.21133
0.002494 0.2096
0.0024479 0.20788
0.0024025 0.20616
0.0023579 0.20445
0.0023141 0.20275
0.002271 0.20106
0.0022286 0.19938
0.002187 0.1977
0.002146 0.19604
0.0021058 0.19438
0.0020662 0.19273
0.0020274 0.19109
0.0019891 0.18946
0.0019516 0.18784
0.0019146 0.18623
0.0018784 0.18462
0.0018427 0.18302
0.0018077 0.18144
0.0017732 0.17986
0.0017394 0.17828
0.0017061 0.17672
0.0016735 0.17517
0.0016414 0.17362
0.0016098 0.17209
0.0015789 0.17056
0.0015484 0.16904
0.0015185 0.16753
0.0014891 0.16603
0.0014603 0.16454
0.0014319 0.16305
0.0014041 0.16158
0.0013768 0.16011
0.0013499 0.15866
