0.99865 0.99977
0.99862 0.99976
0.9986 0.99976
0.99857 0.99975
0.99854 0.99975
0.99851 0.99974
0.99848 0.99973
0.99845 0.99973
0.99842 0.99972
0.99839 0.99972
0.99836 0.99971
0.99833 0.9997
0.99829 0.9997
0.99826 0.99969
0.99823 0.99968
0.99819 0.99968
0.99816 0.99967
0.99812 0.99966
0.99809 0.99965
0.99805 0.99965
0.99801 0.99964
0.99797 0.99963
0.99793 0.99962
0.99789 0.99961
0.99785 0.9996
0.99781 0.9996
0.99777 0.99959
0.99773 0.99958
0.99769 0.99957
0.99764 0.99956
0.9976 0.99955
0.99755 0.99954
0.99751 0.99953
0.99746 0.99952
0.99741 0.99951
0.99736 0.9995
0.99731 0.99949
0.99726 0.99948
0.99721 0.99947
0.99716 0.99945
0.99711 0.99944
0.99705 0.99943
0.997 0.99942
0.99694 0.99941
0.99689 0.99939
0.99683 0.99938
0.99677 0.99937
0.99671 0.99935
0.99665 0.99934
0.99659 0.99933
0.99653 0.99931
0.99647 0.9993
0.9964 0.99928
0.99634 0.99927
0.99627 0.99925
0.9962 0.99924
0.99614 0.99922
0.99607 0.9992
0.996 0.99919
0.99592 0.99917
0.99585 0.99915
0.99578 0.99914
0.9957 0.99912
0.99562 0.9991
0.99555 0.99908
0.99547 0.99906
0.99539 0.99904
0.99531 0.99902
0.99522 0.999
0.99514 0.99898
0.99505 0.99896
0.99497 0.99894
0.99488 0.99892
0.99479 0.9989
0.9947 0.99888
0.99461 0.99885
0.99451 0.99883
0.99442 0.99881
0.99432 0.99878
0.99422 0.99876
0.99412 0.99873
0.99402 0.99871
0.99392 0.99868
0.99382 0.99866
0.99371 0.99863
0.9936 0.9986
0.99349 0.99858
0.99338 0.99855
0.99327 0.99852
0.99316 0.99849
0.99304 0.99846
0.99293 0.99843
0.99281 0.9984
0.99269 0.99837
0.99256 0.99833
0.99244 0.9983
0.99231 0.99827
0.99218 0.99824
0.99205 0.9982
0.99192 0.99817
0.99179 0.99813
0.99165 0.99809
0.99152 0.99806
0.99138 0.99802
0.99123 0.99798
0.99109 0.99794
0.99095 0.9979
0.9908 0.99786
0.99065 0.99782
0.9905 0.99778
0.99034 0.99774
0.99018 0.9977
0.99003 0.99765
0.98987 0.99761
0.9897 0.99756
0.98954 0.99752
0.98937 0.99747
0.9892 0.99742
0.98903 0.99738
0.98885 0.99733
0.98867 0.99728
0.9885 0.99723
0.98831 0.99717
0.98813 0.99712
0.98794 0.99707
0.98775 0.99701
0.98756 0.99696
0.98736 0.9969
0.98717 0.99685
0.98697 0.99679
0.98676 0.99673
0.98656 0.99667
0.98635 0.99661
0.98614 0.99655
0.98593 0.99648
0.98571 0.99642
0.98549 0.99635
0.98527 0.99629
0.98504 0.99622
0.98481 0.99615
0.98458 0.99608
0.98435 0.99601
0.98411 0.99594
0.98387 0.99587
0.98363 0.99579
0.98338 0.99572
0.98313 0.99564
0.98288 0.99557
0.98262 0.99549
0.98236 0.99541
0.9821 0.99533
0.98183 0.99524
0.98156 0.99516
0.98129 0.99508
0.98101 0.99499
0.98073 0.9949
0.98045 0.99481
0.98016 0.99472
0.97987 0.99463
0.97957 0.99454
0.97928 0.99444
0.97898 0.99435
0.97867 0.99425
0.97836 0.99415
0.97805 0.99405
0.97773 0.99395
0.97741 0.99384
0.97709 0.99374
0.97676 0.99363
0.97643 0.99352
0.97609 0.99341
0.97575 0.9933
0.97541 0.99319
0.97506 0.99307
0.97471 0.99295
0.97435 0.99284
0.97399 0.99272
0.97362 0.99259
0.97325 0.99247
0.97288 0.99234
0.9725 0.99222
0.97212 0.99209
0.97173 0.99196
0.97134 0.99182
0.97095 0.99169
0.97055 0.99155
0.97014 0.99141
0.96973 0.99127
0.96932 0.99113
0.9689 0.99098
0.96848 0.99083
0.96805 0.99068
0.96762 0.99053
0.96718 0.99038
0.96673 0.99022
0.96629 0.99007
0.96583 0.98991
0.96538 0.98974
0.96491 0.98958
0.96445 0.98941
0.96397 0.98924
0.9635 0.98907
0.96301 0.9889
0.96253 0.98872
0.96203 0.98854
0.96153 0.98836
0.96103 0.98817
0.96052 0.98799
0.96001 0.9878
0.95949 0.98761
0.95896 0.98741
0.95843 0.98722
0.95789 0.98702
0.95735 0.98682
0.9568 0.98661
0.95625 0.9864
0.95569 0.98619
0.95512 0.98598
0.95455 0.98576
0.95398 0.98554
0.95339 0.98532
0.9528 0.9851
0.95221 0.98487
0.95161 0.98464
0.951 0.98441
0.95039 0.98417
0.94977 0.98393
0.94915 0.98369
0.94852 0.98344
0.94788 0.98319
0.94724 0.98294
0.94659 0.98268
0.94593 0.98242
0.94527 0.98216
0.9446 0.9819
0.94392 0.98163
0.94324 0.98136
0.94255 0.98108
0.94186 0.9808
0.94116 0.98052
0.94045 0.98023
0.93973 0.97994
0.93901 0.97965
0.93829 0.97935
0.93755 0.97905
0.93681 0.97875
0.93606 0.97844
0.93531 0.97813
0.93454 0.97781
0.93377 0.97749
0.933 0.97717
0.93221 0.97684
0.93142 0.97651
0.93063 0.97618
0.92982 0.97584
0.92901 0.97549
0.92819 0.97515
0.92737 0.97479
0.92653 0.97444
0.92569 0.97408
0.92485 0.97372
0.92399 0.97335
0.92313 0.97297
0.92226 0.9726
0.92138 0.97222
0.92049 0.97183
0.9196 0.97144
0.9187 0.97105
0.91779 0.97065
0.91688 0.97024
0.91596 0.96984
0.91503 0.96942
0.91409 0.969
0.91314 0.96858
0.91219 0.96816
0.91123 0.96772
0.91026 0.96729
0.90928 0.96685
0.9083 0.9664
0.9073 0.96595
0.9063 0.96549
0.90529 0.96503
0.90428 0.96456
0.90325 0.96409
0.90222 0.96362
0.90118 0.96314
0.90013 0.96265
0.89907 0.96216
0.89801 0.96166
0.89693 0.96116
0.89585 0.96065
0.89476 0.96013
0.89366 0.95962
0.89256 0.95909
0.89144 0.95856
0.89032 0.95803
0.88919 0.95749
0.88805 0.95694
0.8869 0.95639
0.88574 0.95583
0.88458 0.95526
0.88341 0.9547
0.88223 0.95412
0.88104 0.95354
0.87984 0.95295
0.87863 0.95236
0.87742 0.95176
0.87619 0.95115
0.87496 0.95054
0.87372 0.94993
0.87247 0.9493
0.87121 0.94867
0.86994 0.94804
0.86867 0.9474
0.86738 0.94675
0.86609 0.94609
0.86479 0.94543
0.86348 0.94477
0.86216 0.94409
0.86084 0.94341
0.8595 0.94273
0.85816 0.94203
0.8568 0.94133
0.85544 0.94063
0.85407 0.93991
0.85269 0.93919
0.8513 0.93847
0.84991 0.93774
0.8485 0.937
0.84709 0.93625
0.84567 0.9355
0.84423 0.93473
0.84279 0.93397
0.84134 0.93319
0.83989 0.93241
0.83842 0.93162
0.83695 0.93083
0.83546 0.93002
0.83397 0.92922
0.83247 0.9284
0.83096 0.92757
0.82944 0.92674
0.82791 0.9259
0.82638 0.92506
0.82483 0.9242
0.82328 0.92334
0.82172 0.92248
0.82014 0.9216
0.81856 0.92072
0.81698 0.91983
0.81538 0.91893
0.81377 0.91802
0.81216 0.91711
0.81054 0.91619
0.80891 0.91526
0.80727 0.91432
0.80562 0.91338
0.80396 0.91243
0.8023 0.91147
0.80062 0.9105
0.79894 0.90953
0.79725 0.90854
0.79555 0.90755
0.79384 0.90655
0.79212 0.90555
0.7904 0.90453
0.78867 0.90351
0.78692 0.90248
0.78517 0.90144
0.78342 0.90039
0.78165 0.89934
0.77988 0.89827
0.77809 0.8972
0.7763 0.89612
0.7745 0.89503
0.77269 0.89394
0.77088 0.89283
0.76905 0.89172
0.76722 0.8906
0.76538 0.88947
0.76353 0.88833
0.76168 0.88719
0.75981 0.88603
0.75794 0.88487
0.75606 0.8837
0.75418 0.88252
0.75228 0.88133
0.75038 0.88014
0.74847 0.87893
0.74655 0.87772
0.74462 0.8765
0.74269 0.87527
0.74075 0.87403
0.7388 0.87278
0.73684 0.87153
0.73488 0.87026
0.7329 0.86899
0.73093 0.86771
0.72894 0.86642
0.72695 0.86512
0.72495 0.86381
0.72294 0.86249
0.72092 0.86117
0.7189 0.85984
0.71687 0.85849
0.71484 0.85714
0.71279 0.85578
0.71074 0.85441
0.70869 0.85304
0.70662 0.85165
0.70455 0.85026
0.70247 0.84885
0.70039 0.84744
0.6983 0.84602
0.6962 0.84459
0.6941 0.84315
0.69199 0.84171
0.68987 0.84025
0.68775 0.83879
0.68562 0.83732
0.68349 0.83583
0.68135 0.83434
0.6792 0.83284
0.67705 0.83134
0.67489 0.82982
0.67272 0.82829
0.67055 0.82676
0.66838 0.82522
0.66619 0.82367
0.66401 0.82211
0.66181 0.82054
0.65961 0.81896
0.65741 0.81737
0.6552 0.81578
0.65299 0.81418
0.65077 0.81256
0.64854 0.81094
0.64631 0.80932
0.64407 0.80768
0.64183 0.80603
0.63959 0.80438
0.63734 0.80271
0.63508 0.80104
0.63282 0.79936
0.63056 0.79767
0.62829 0.79597
0.62602 0.79427
0.62374 0.79255
0.62146 0.79083
0.61917 0.7891
0.61688 0.78736
0.61459 0.78561
0.61229 0.78386
0.60998 0.78209
0.60768 0.78032
0.60537 0.77854
0.60305 0.77675
0.60074 0.77495
0.59842 0.77315
0.59609 0.77133
0.59376 0.76951
0.59143 0.76768
0.5891 0.76584
0.58676 0.764
0.58442 0.76214
0.58208 0.76028
0.57973 0.75841
0.57738 0.75653
0.57503 0.75465
0.57267 0.75275
0.57032 0.75085
0.56796 0.74894
0.56559 0.74703
0.56323 0.7451
0.56086 0.74317
0.55849 0.74123
0.55612 0.73928
0.55375 0.73733
0.55137 0.73537
0.549 0.7334
0.54662 0.73142
0.54424 0.72944
0.54185 0.72745
0.53947 0.72545
0.53709 0.72344
0.5347 0.72143
0.53231 0.71941
0.52992 0.71738
0.52753 0.71535
0.52514 0.7133
0.52275 0.71126
0.52036 0.7092
0.51796 0.70714
0.51557 0.70507
0.51318 0.70299
0.51078 0.70091
0.50839 0.69882
0.50599 0.69673
0.50359 0.69463
0.5012 0.69252
0.4988 0.6904
0.49641 0.68828
0.49401 0.68616
0.49161 0.68402
0.48922 0.68188
0.48682 0.67974
0.48443 0.67759
0.48204 0.67543
0.47964 0.67327
0.47725 0.6711
0.47486 0.66892
0.47247 0.66674
0.47008 0.66455
0.46769 0.66236
0.4653 0.66016
0.46291 0.65796
0.46053 0.65575
0.45815 0.65354
0.45576 0.65132
0.45338 0.6491
0.451 0.64687
0.44863 0.64463
0.44625 0.64239
0.44388 0.64015
0.44151 0.6379
0.43914 0.63565
0.43677 0.63339
0.43441 0.63113
0.43204 0.62886
0.42968 0.62659
0.42733 0.62431
0.42497 0.62203
0.42262 0.61974
0.42027 0.61745
0.41792 0.61516
0.41558 0.61286
0.41324 0.61056
0.4109 0.60826
0.40857 0.60595
0.40624 0.60363
0.40391 0.60132
0.40158 0.599
0.39926 0.59667
0.39695 0.59435
0.39463 0.59202
0.39232 0.58968
0.39002 0.58735
0.38771 0.58501
0.38541 0.58266
0.38312 0.58032
0.38083 0.57797
0.37854 0.57562
0.37626 0.57326
0.37398 0.5709
0.37171 0.56855
0.36944 0.56618
0.36718 0.56382
0.36492 0.56145
0.36266 0.55908
0.36041 0.55671
0.35817 0.55434
0.35593 0.55197
0.35369 0.54959
0.35146 0.54721
0.34923 0.54483
0.34701 0.54245
0.3448 0.54007
0.34259 0.53768
0.34039 0.5353
0.33819 0.53291
0.33599 0.53052
0.33381 0.52813
0.33162 0.52574
0.32945 0.52335
0.32728 0.52096
0.32511 0.51856
0.32295 0.51617
0.3208 0.51377
0.31865 0.51138
0.31651 0.50898
0.31438 0.50659
0.31225 0.50419
0.31013 0.5018
0.30801 0.4994
0.3059 0.497
0.3038 0.49461
0.3017 0.49221
0.29961 0.48982
0.29753 0.48742
0.29545 0.48503
0.29338 0.48263
0.29131 0.48024
0.28926 0.47785
0.28721 0.47546
0.28516 0.47306
0.28313 0.47067
0.2811 0.46829
0.27908 0.4659
0.27706 0.46351
0.27505 0.46113
0.27305 0.45874
0.27106 0.45636
0.26907 0.45398
0.2671 0.4516
0.26512 0.44922
0.26316 0.44685
0.2612 0.44447
0.25925 0.4421
0.25731 0.43973
0.25538 0.43736
0.25345 0.435
0.25153 0.43263
0.24962 0.43027
0.24772 0.42792
0.24582 0.42556
0.24394 0.42321
0.24206 0.42086
0.24019 0.41851
0.23832 0.41617
0.23647 0.41382
0.23462 0.41149
0.23278 0.40915
0.23095 0.40682
0.22912 0.40449
0.22731 0.40216
0.2255 0.39984
0.2237 0.39752
0.22191 0.39521
0.22012 0.3929
0.21835 0.39059
0.21658 0.38829
0.21483 0.38599
0.21308 0.38369
0.21133 0.3814
0.2096 0.37911
0.20788 0.37683
0.20616 0.37455
0.20445 0.37228
0.20275 0.37001
0.20106 0.36774
0.19938 0.36548
0.1977 0.36323
0.19604 0.36097
0.19438 0.35873
0.19273 0.35649
0.19109 0.35425
0.18946 0.35202
0.18784 0.34979
0.18623 0.34757
0.18462 0.34535
0.18302 0.34314
0.18144 0.34094
0.17986 0.33874
0.17828 0.33654
0.17672 0.33435
0.17517 0.33217
0.17362 0.32999
0.17209 0.32782
0.17056 0.32565
0.16904 0.32349
0.16753 0.32134
0.16603 0.31919
0.16454 0.31705
0.16305 0.31491
0.16158 0.31278
0.16011 0.31066
0.15866 0.30854
0.15721 0.30643
0.15577 0.30432
0.15433 0.30222
0.15291 0.30013
0.1515 0.29805
0.15009 0.29597
0.1487 0.29389
0.14731 0.29183
0.14593 0.28977
0.14456 0.28772
0.1432 0.28567
0.14184 0.28364
0.1405 0.28161
0.13916 0.27958
0.13784 0.27757
0.13652 0.27556
0.13521 0.27355
0.13391 0.27156
0.13262 0.26957
0.13133 0.26759
0.13006 0.26562
0.12879 0.26365
0.12753 0.26169
0.12628 0.25974
0.12504 0.2578
0.12381 0.25586
0.12258 0.25393
0.12137 0.25201
0.12016 0.2501
0.11896 0.2482
0.11777 0.2463
0.11659 0.24441
0.11542 0.24253
0.11426 0.24065
0.1131 0.23879
0.11195 0.23693
0.11081 0.23508
0.10968 0.23324
0.10856 0.2314
0.10744 0.22958
0.10634 0.22776
0.10524 0.22595
0.10415 0.22415
0.10307 0.22235
0.10199 0.22057
0.10093 0.21879
0.099872 0.21702
0.098823 0.21526
0.097782 0.21351
0.096749 0.21177
0.095724 0.21003
0.094707 0.20831
0.093699 0.20659
0.092698 0.20488
0.091705 0.20318
0.09072 0.20148
0.089743 0.1998
0.088773 0.19812
0.087812 0.19645
0.086858 0.1948
0.085912 0.19314
0.084974 0.1915
0.084043 0.18987
0.08312 0.18824
0.082205 0.18663
0.081298 0.18502
0.080398 0.18342
0.079505 0.18183
0.07862 0.18025
0.077743 0.17868
0.076873 0.17711
0.07601 0.17556
0.075155 0.17401
0.074307 0.17247
0.073466 0.17094
0.072633 0.16942
0.071807 0.16791
0.070989 0.16641
0.070177 0.16491
0.069373 0.16342
0.068575 0.16195
0.067785 0.16048
0.067002 0.15902
0.066226 0.15757
0.065457 0.15613
0.064694 0.15469
0.063939 0.15327
0.063191 0.15185
0.062449 0.15044
0.061714 0.14904
0.060986 0.14765
0.060265 0.14627
0.05955 0.1449
0.058843 0.14354
0.058141 0.14218
0.057446 0.14083
0.056758 0.1395
0.056077 0.13817
0.055401 0.13685
0.054733 0.13554
0.05407 0.13423
0.053414 0.13294
0.052765 0.13165
0.052121 0.13037
0.051484 0.12911
0.050853 0.12785
0.050228 0.12659
0.04961 0.12535
0.048997 0.12412
0.048391 0.12289
0.04779 0.12167
0.047196 0.12046
0.046607 0.11926
0.046025 0.11807
0.045448 0.11689
0.044877 0.11571
0.044312 0.11455
0.043752 0.11339
0.043199 0.11224
0.042651 0.1111
0.042108 0.10996
0.041572 0.10884
0.04104 0.10772
0.040515 0.10661
0.039994 0.10551
0.03948 0.10442
0.03897 0.10334
0.038466 0.10226
0.037968 0.10119
0.037474 0.10014
0.036986 0.099084
0.036503 0.098041
0.036025 0.097006
0.035553 0.09598
0.035085 0.094961
0.034623 0.09395
0.034165 0.092947
0.033713 0.091952
0.033265 0.090965
0.032822 0.089986
0.032385 0.089015
0.031952 0.088051
0.031524 0.087096
0.0311 0.086148
0.030681 0.085208
0.030267 0.084275
0.029858 0.08335
0.029453 0.082433
0.029053 0.081524
0.028657 0.080622
0.028266 0.079727
0.02788 0.078841
0.027497 0.077961
0.027119 0.077089
0.026746 0.076225
0.026377 0.075368
0.026012 0.074518
0.025651 0.073676
0.025294 0.072841
0.024942 0.072013
0.024594 0.071193
0.024249 0.070379
0.023909 0.069573
0.023573 0.068774
0.023241 0.067982
0.022913 0.067197
0.022588 0.066419
0.022268 0.065648
0.021952 0.064884
0.021639 0.064127
0.02133 0.063377
0.021025 0.062634
0.020723 0.061897
0.020425 0.061168
0.020131 0.060445
0.01984 0.059728
0.019553 0.059019
0.01927 0.058316
0.01899 0.05762
0.018713 0.05693
0.01844 0.056246
0.01817 0.05557
0.017904 0.054899
0.017641 0.054235
0.017381 0.053578
0.017125 0.052927
0.016872 0.052282
0.016622 0.051643
0.016375 0.05101
0.016131 0.050384
0.015891 0.049764
0.015653 0.04915
0.015419 0.048542
0.015188 0.04794
0.014959 0.047344
0.014734 0.046754
0.014511 0.04617
0.014292 0.045592
0.014075 0.045019
0.013861 0.044453
0.01365 0.043892
0.013441 0.043337
0.013236 0.042787
0.013033 0.042243
0.012833 0.041705
0.012635 0.041173
0.012441 0.040646
0.012248 0.040124
0.012059 0.039608
0.011872 0.039097
0.011687 0.038592
0.011505 0.038092
0.011325 0.037597
0.011148 0.037108
0.010973 0.036623
0.010801 0.036144
0.010631 0.03567
0.010463 0.035201
0.010298 0.034738
0.010135 0.034279
0.0099739 0.033825
0.0098153 0.033377
0.0096589 0.032933
0.0095047 0.032494
0.0093527 0.03206
0.0092028 0.03163
0.009055 0.031206
0.0089092 0.030786
0.0087656 0.030371
0.0086239 0.02996
0.0084843 0.029554
0.0083467 0.029153
0.008211 0.028756
0.0080773 0.028364
0.0079455 0.027976
0.0078155 0.027592
0.0076875 0.027213
0.0075613 0.026839
0.0074369 0.026468
0.0073144 0.026102
0.0071936 0.025741
0.0070746 0.025383
0.0069573 0.02503
0.0068418 0.02468
0.0067279 0.024335
0.0066157 0.023994
0.0065052 0.023657
0.0063963 0.023324
0.0062891 0.022994
0.0061834 0.022669
0.0060793 0.022348
0.0059768 0.02203
0.0058758 0.021717
0.0057763 0.021407
0.0056783 0.021101
0.0055818 0.020798
0.0054867 0.020499
0.0053931 0.020204
0.0053009 0.019913
0.0052101 0.019625
0.0051207 0.01934
0.0050327 0.019059
0.004946 0.018782
0.0048607 0.018508
0.0047767 0.018238
0.0046939 0.01797
0.0046125 0.017707
0.0045323 0.017446
0.0044533 0.017189
0.0043756 0.016935
0.0042991 0.016684
0.0042238 0.016436
0.0041497 0.016192
0.0040768 0.015951
0.004005 0.015712
0.0039343 0.015477
0.0038647 0.015245
0.0037963 0.015016
0.0037289 0.01479
0.0036627 0.014567
0.0035974 0.014346
0.0035333 0.014129
0.0034701 0.013914
0.003408 0.013702
0.0033468 0.013493
0.0032867 0.013287
0.0032275 0.013084
0.0031693 0.012883
0.003112 0.012685
0.0030557 0.012489
0.0030003 0.012296
0.0029458 0.012106
0.0028922 0.011918
0.0028395 0.011733
0.0027876 0.01155
0.0027366 0.01137
0.0026864 0.011192
0.0026371 0.011017
0.0025886 0.010844
0.0025409 0.010673
0.002494 0.010505
0.0024479 0.010339
0.0024025 0.010175
0.0023579 0.010014
0.0023141 0.0098548
0.002271 0.0096978
0.0022286 0.0095431
0.002187 0.0093905
0.002146 0.00924
0.0021058 0.0090917
0.0020662 0.0089455
0.0020274 0.0088013
0.0019891 0.0086591
0.0019516 0.008519
0.0019146 0.0083809
0.0018784 0.0082447
0.0018427 0.0081105
0.0018077 0.0079782
0.0017732 0.0078478
0.0017394 0.0077193
0.0017061 0.0075927
0.0016735 0.0074679
0.0016414 0.0073449
0.0016098 0.0072236
0.0015789 0.0071042
0.0015484 0.0069865
0.0015185 0.0068705
0.0014891 0.0067562
0.0014603 0.0066436
0.0014319 0.0065327
0.0014041 0.0064234
0.0013768 0.0063157
0.0013499 0.0062097
